0 -0.497994 -0 -1.8725 -0 -1.37451 -0 
0.0081925 -0.497966 -0 -1.87243 -0 -1.37446 -0.0081925 
0.0163758 -0.497883 -0 -1.8722 -0 -1.37431 -0.0163758 
0.0245408 -0.497745 -0 -1.87181 -0 -1.37407 -0.0245408 
0.0326783 -0.497551 -0 -1.87128 -0 -1.37373 -0.0326783 
0.0407793 -0.497304 -0 -1.8706 -0 -1.37329 -0.0407793 
0.0488347 -0.497002 -0 -1.86976 -0 -1.37276 -0.0488347 
0.0568358 -0.496647 -0 -1.86877 -0 -1.37213 -0.0568358 
0.0647736 -0.49624 -0 -1.86764 -0 -1.3714 -0.0647736 
0.0726396 -0.495782 -0 -1.86636 -0 -1.37057 -0.0726396 
0.0804253 -0.495273 -0 -1.86493 -0 -1.36966 -0.0804253 
0.0881222 -0.494715 -0 -1.86336 -0 -1.36864 -0.0881222 
0.0957224 -0.494108 -0 -1.86164 -0 -1.36753 -0.0957224 
0.103218 -0.493455 -0 -1.85979 -0 -1.36633 -0.103218 
0.1106 -0.492757 -0 -1.85779 -0 -1.36503 -0.1106 
0.117863 -0.492015 -0 -1.85566 -0 -1.36365 -0.117863 
0.124998 -0.49123 -0 -1.8534 -0 -1.36217 -0.124998 
0.131998 -0.490406 -0 -1.851 -0 -1.36059 -0.131998 
0.138857 -0.489542 -0 -1.84847 -0 -1.35893 -0.138857 
0.145568 -0.488641 -0 -1.84582 -0 -1.35718 -0.145568 
0.152124 -0.487705 -0 -1.84305 -0 -1.35534 -0.152124 
0.15852 -0.486736 -0 -1.84015 -0 -1.35342 -0.15852 
0.164749 -0.485735 -0 -1.83714 -0 -1.3514 -0.164749 
0.170805 -0.484705 -0 -1.83401 -0 -1.34931 -0.170805 
0.176685 -0.483647 -0 -1.83077 -0 -1.34713 -0.176685 
0.182381 -0.482563 -0 -1.82743 -0 -1.34487 -0.182381 
0.18789 -0.481456 -0 -1.82398 -0 -1.34253 -0.18789 
0.193207 -0.480327 -0 -1.82043 -0 -1.34011 -0.193207 
0.198327 -0.479178 -0 -1.81679 -0 -1.33761 -0.198327 
0.203246 -0.478012 -0 -1.81305 -0 -1.33504 -0.203246 
0.207961 -0.47683 -0 -1.80922 -0 -1.33239 -0.207961 
0.212467 -0.475634 -0 -1.80531 -0 -1.32968 -0.212467 
0.216761 -0.474427 -0 -1.80132 -0 -1.3269 -0.216761 
0.220841 -0.473209 -0 -1.79726 -0 -1.32405 -0.220841 
0.224702 -0.471983 -0 -1.79311 -0 -1.32113 -0.224702 
0.228343 -0.470752 -0 -1.78891 -0 -1.31816 -0.228343 
0.23176 -0.469515 -0 -1.78463 -0 -1.31512 -0.23176 
0.234952 -0.468276 -0 -1.7803 -0 -1.31203 -0.234952 
0.237915 -0.467037 -0 -1.77592 -0 -1.30888 -0.237915 
0.240649 -0.465797 -0 -1.77148 -0 -1.30568 -0.240649 
0.243151 -0.464561 -0 -1.76699 -0 -1.30243 -0.243151 
0.245419 -0.463328 -0 -1.76247 -0 -1.29914 -0.245419 
0.247452 -0.4621 -0 -1.7579 -0 -1.2958 -0.247452 
0.24925 -0.46088 -0 -1.75331 -0 -1.29243 -0.24925 
0.250809 -0.459667 -0 -1.74868 -0 -1.28901 -0.250809 
0.252131 -0.458465 -0 -1.74403 -0 -1.28557 -0.252131 
0.253213 -0.457273 -0 -1.73936 -0 -1.28209 -0.253213 
0.254056 -0.456094 -0 -1.73468 -0 -1.27859 -0.254056 
0.254658 -0.454927 -0 -1.72999 -0 -1.27506 -0.254658 
0.255019 -0.453776 -0 -1.72529 -0 -1.27151 -0.255019 
0.25514 -0.45264 -0 -1.72059 -0 -1.26795 -0.25514 
0.255019 -0.45152 -0 -1.71589 -0 -1.26437 -0.255019 
0.254658 -0.450418 -0 -1.7112 -0 -1.26078 -0.254658 
0.254056 -0.449334 -0 -1.70652 -0 -1.25719 -0.254056 
0.253213 -0.448269 -0 -1.70187 -0 -1.2536 -0.253213 
0.252131 -0.447225 -0 -1.69723 -0 -1.25 -0.252131 
0.250809 -0.4462 -0 -1.69261 -0 -1.24641 -0.250809 
0.24925 -0.445198 -0 -1.68803 -0 -1.24283 -0.24925 
0.247452 -0.444217 -0 -1.68348 -0 -1.23927 -0.247452 
0.245419 -0.443258 -0 -1.67897 -0 -1.23571 -0.245419 
0.243151 -0.442323 -0 -1.67451 -0 -1.23218 -0.243151 
0.240649 -0.44141 -0 -1.67009 -0 -1.22868 -0.240649 
0.237915 -0.440522 -0 -1.66572 -0 -1.2252 -0.237915 
0.234952 -0.439657 -0 -1.66141 -0 -1.22175 -0.234952 
0.23176 -0.438817 -0 -1.65716 -0 -1.21834 -0.23176 
0.228343 -0.438001 -0 -1.65297 -0 -1.21497 -0.228343 
0.224702 -0.43721 -0 -1.64885 -0 -1.21164 -0.224702 
0.220841 -0.436444 -0 -1.6448 -0 -1.20836 -0.220841 
0.216761 -0.435703 -0 -1.64083 -0 -1.20513 -0.216761 
0.212467 -0.434987 -0 -1.63694 -0 -1.20195 -0.212467 
0.207961 -0.434297 -0 -1.63313 -0 -1.19883 -0.207961 
0.203246 -0.433631 -0 -1.6294 -0 -1.19577 -0.203246 
0.198327 -0.43299 -0 -1.62577 -0 -1.19278 -0.198327 
0.193207 -0.432375 -0 -1.62223 -0 -1.18986 -0.193207 
0.18789 -0.431784 -0 -1.61879 -0 -1.18701 -0.18789 
0.182381 -0.431219 -0 -1.61545 -0 -1.18423 -0.182381 
0.176685 -0.430678 -0 -1.61221 -0 -1.18154 -0.176685 
0.170805 -0.430161 -0 -1.60908 -0 -1.17892 -0.170805 
0.164749 -0.429669 -0 -1.60606 -0 -1.1764 -0.164749 
0.15852 -0.429201 -0 -1.60316 -0 -1.17396 -0.15852 
0.152124 -0.428757 -0 -1.60037 -0 -1.17161 -0.152124 
0.145568 -0.428337 -0 -1.59769 -0 -1.16936 -0.145568 
0.138857 -0.42794 -0 -1.59514 -0 -1.1672 -0.138857 
0.131998 -0.427566 -0 -1.59271 -0 -1.16515 -0.131998 
0.124998 -0.427216 -0 -1.59041 -0 -1.16319 -0.124998 
0.117863 -0.426888 -0 -1.58824 -0 -1.16135 -0.117863 
0.1106 -0.426583 -0 -1.58619 -0 -1.15961 -0.1106 
0.103218 -0.4263 -0 -1.58428 -0 -1.15798 -0.103218 
0.0957224 -0.426039 -0 -1.5825 -0 -1.15646 -0.0957224 
0.0881222 -0.425799 -0 -1.58086 -0 -1.15506 -0.0881222 
0.0804253 -0.425582 -0 -1.57935 -0 -1.15377 -0.0804253 
0.0726396 -0.425386 -0 -1.57799 -0 -1.1526 -0.0726396 
0.0647736 -0.425211 -0 -1.57676 -0 -1.15155 -0.0647736 
0.0568358 -0.425057 -0 -1.57567 -0 -1.15062 -0.0568358 
0.0488347 -0.424924 -0 -1.57473 -0 -1.14981 -0.0488347 
0.0407793 -0.424811 -0 -1.57393 -0 -1.14912 -0.0407793 
0.0326783 -0.424719 -0 -1.57328 -0 -1.14856 -0.0326783 
0.0245408 -0.424648 -0 -1.57277 -0 -1.14812 -0.0245408 
0.0163758 -0.424597 -0 -1.5724 -0 -1.14781 -0.0163758 
0.0081925 -0.424567 -0 -1.57219 -0 -1.14762 -0.0081925 
3.19418e-17 -0.424557 -0 -1.57211 -0 -1.14756 -3.19418e-17 
-0.0081925 -0.424567 -0 -1.57219 -0 -1.14762 0.0081925 
-0.0163758 -0.424597 -0 -1.5724 -0 -1.14781 0.0163758 
-0.0245408 -0.424648 -0 -1.57277 -0 -1.14812 0.0245408 
-0.0326783 -0.424719 -0 -1.57328 -0 -1.14856 0.0326783 
-0.0407793 -0.424811 -0 -1.57393 -0 -1.14912 0.0407793 
-0.0488347 -0.424924 -0 -1.57473 -0 -1.14981 0.0488347 
-0.0568358 -0.425057 -0 -1.57567 -0 -1.15062 0.0568358 
-0.0647736 -0.425211 -0 -1.57676 -0 -1.15155 0.0647736 
-0.0726396 -0.425386 -0 -1.57799 -0 -1.1526 0.0726396 
-0.0804253 -0.425582 -0 -1.57935 -0 -1.15377 0.0804253 
-0.0881222 -0.425799 -0 -1.58086 -0 -1.15506 0.0881222 
-0.0957224 -0.426039 -0 -1.5825 -0 -1.15646 0.0957224 
-0.103218 -0.4263 -0 -1.58428 -0 -1.15798 0.103218 
-0.1106 -0.426583 -0 -1.58619 -0 -1.15961 0.1106 
-0.117863 -0.426888 -0 -1.58824 -0 -1.16135 0.117863 
-0.124998 -0.427216 -0 -1.59041 -0 -1.16319 0.124998 
-0.131998 -0.427566 -0 -1.59271 -0 -1.16515 0.131998 
-0.138857 -0.42794 -0 -1.59514 -0 -1.1672 0.138857 
-0.145568 -0.428337 -0 -1.59769 -0 -1.16936 0.145568 
-0.152124 -0.428757 -0 -1.60037 -0 -1.17161 0.152124 
-0.15852 -0.429201 -0 -1.60316 -0 -1.17396 0.15852 
-0.164749 -0.429669 -0 -1.60606 -0 -1.1764 0.164749 
-0.170805 -0.430161 -0 -1.60908 -0 -1.17892 0.170805 
-0.176685 -0.430678 -0 -1.61221 -0 -1.18154 0.176685 
-0.182381 -0.431219 -0 -1.61545 -0 -1.18423 0.182381 
-0.18789 -0.431784 -0 -1.61879 -0 -1.18701 0.18789 
-0.193207 -0.432375 -0 -1.62223 -0 -1.18986 0.193207 
-0.198327 -0.43299 -0 -1.62577 -0 -1.19278 0.198327 
-0.203246 -0.433631 -0 -1.6294 -0 -1.19577 0.203246 
-0.207961 -0.434297 -0 -1.63313 -0 -1.19883 0.207961 
-0.212467 -0.434987 -0 -1.63694 -0 -1.20195 0.212467 
-0.216761 -0.435703 -0 -1.64083 -0 -1.20513 0.216761 
-0.220841 -0.436444 -0 -1.6448 -0 -1.20836 0.220841 
-0.224702 -0.43721 -0 -1.64885 -0 -1.21164 0.224702 
-0.228343 -0.438001 -0 -1.65297 -0 -1.21497 0.228343 
-0.23176 -0.438817 -0 -1.65716 -0 -1.21834 0.23176 
-0.234952 -0.439657 -0 -1.66141 -0 -1.22175 0.234952 
-0.237915 -0.440522 -0 -1.66572 -0 -1.2252 0.237915 
-0.240649 -0.44141 -0 -1.67009 -0 -1.22868 0.240649 
-0.243151 -0.442323 -0 -1.67451 -0 -1.23218 0.243151 
-0.245419 -0.443258 -0 -1.67897 -0 -1.23571 0.245419 
-0.247452 -0.444217 -0 -1.68348 -0 -1.23927 0.247452 
-0.24925 -0.445198 -0 -1.68803 -0 -1.24283 0.24925 
-0.250809 -0.4462 -0 -1.69261 -0 -1.24641 0.250809 
-0.252131 -0.447225 -0 -1.69723 -0 -1.25 0.252131 
-0.253213 -0.448269 -0 -1.70187 -0 -1.2536 0.253213 
-0.254056 -0.449334 -0 -1.70652 -0 -1.25719 0.254056 
-0.254658 -0.450418 -0 -1.7112 -0 -1.26078 0.254658 
-0.255019 -0.45152 -0 -1.71589 -0 -1.26437 0.255019 
-0.25514 -0.45264 -0 -1.72059 -0 -1.26795 0.25514 
-0.255019 -0.453776 -0 -1.72529 -0 -1.27151 0.255019 
-0.254658 -0.454927 -0 -1.72999 -0 -1.27506 0.254658 
-0.254056 -0.456094 -0 -1.73468 -0 -1.27859 0.254056 
-0.253213 -0.457273 -0 -1.73936 -0 -1.28209 0.253213 
-0.252131 -0.458465 -0 -1.74403 -0 -1.28557 0.252131 
-0.250809 -0.459667 -0 -1.74868 -0 -1.28901 0.250809 
-0.24925 -0.46088 -0 -1.75331 -0 -1.29243 0.24925 
-0.247452 -0.4621 -0 -1.7579 -0 -1.2958 0.247452 
-0.245419 -0.463328 -0 -1.76247 -0 -1.29914 0.245419 
-0.243151 -0.464561 -0 -1.76699 -0 -1.30243 0.243151 
-0.240649 -0.465797 -0 -1.77148 -0 -1.30568 0.240649 
-0.237915 -0.467037 -0 -1.77592 -0 -1.30888 0.237915 
-0.234952 -0.468276 -0 -1.7803 -0 -1.31203 0.234952 
-0.23176 -0.469515 -0 -1.78463 -0 -1.31512 0.23176 
-0.228343 -0.470752 -0 -1.78891 -0 -1.31816 0.228343 
-0.224702 -0.471983 -0 -1.79311 -0 -1.32113 0.224702 
-0.220841 -0.473209 -0 -1.79726 -0 -1.32405 0.220841 
-0.216761 -0.474427 -0 -1.80132 -0 -1.3269 0.216761 
-0.212467 -0.475634 -0 -1.80531 -0 -1.32968 0.212467 
-0.207961 -0.47683 -0 -1.80922 -0 -1.33239 0.207961 
-0.203246 -0.478012 -0 -1.81305 -0 -1.33504 0.203246 
-0.198327 -0.479178 -0 -1.81679 -0 -1.33761 0.198327 
-0.193207 -0.480327 -0 -1.82043 -0 -1.34011 0.193207 
-0.18789 -0.481456 -0 -1.82398 -0 -1.34253 0.18789 
-0.182381 -0.482563 -0 -1.82743 -0 -1.34487 0.182381 
-0.176685 -0.483647 -0 -1.83077 -0 -1.34713 0.176685 
-0.170805 -0.484705 -0 -1.83401 -0 -1.34931 0.170805 
-0.164749 -0.485735 -0 -1.83714 -0 -1.3514 0.164749 
-0.15852 -0.486736 -0 -1.84015 -0 -1.35342 0.15852 
-0.152124 -0.487705 -0 -1.84305 -0 -1.35534 0.152124 
-0.145568 -0.488641 -0 -1.84582 -0 -1.35718 0.145568 
-0.138857 -0.489542 -0 -1.84847 -0 -1.35893 0.138857 
-0.131998 -0.490406 -0 -1.851 -0 -1.36059 0.131998 
-0.124998 -0.49123 -0 -1.8534 -0 -1.36217 0.124998 
-0.117863 -0.492015 -0 -1.85566 -0 -1.36365 0.117863 
-0.1106 -0.492757 -0 -1.85779 -0 -1.36503 0.1106 
-0.103218 -0.493455 -0 -1.85979 -0 -1.36633 0.103218 
-0.0957224 -0.494108 -0 -1.86164 -0 -1.36753 0.0957224 
-0.0881222 -0.494715 -0 -1.86336 -0 -1.36864 0.0881222 
-0.0804253 -0.495273 -0 -1.86493 -0 -1.36966 0.0804253 
-0.0726396 -0.495782 -0 -1.86636 -0 -1.37057 0.0726396 
-0.0647736 -0.49624 -0 -1.86764 -0 -1.3714 0.0647736 
-0.0568358 -0.496647 -0 -1.86877 -0 -1.37213 0.0568358 
-0.0488347 -0.497002 -0 -1.86976 -0 -1.37276 0.0488347 
-0.0407793 -0.497304 -0 -1.8706 -0 -1.37329 0.0407793 
-0.0326783 -0.497551 -0 -1.87128 -0 -1.37373 0.0326783 
-0.0245408 -0.497745 -0 -1.87181 -0 -1.37407 0.0245408 
-0.0163758 -0.497883 -0 -1.8722 -0 -1.37431 0.0163758 
-0.0081925 -0.497966 -0 -1.87243 -0 -1.37446 0.0081925 
