
0.253981858492
0.253981858492
0.25398221612
0.253981977701
0.253982394934
0.253982633352
0.253982633352
0.253982633352
0.253982931376
0.253983050585
0.253983110189
0.253983348608
0.253983587027
0.253984063864
0.25398465991
0.253984868526
0.253985345364
0.253985643387
0.253986597061
0.253987729549
0.253989934921
0.253992050886
0.253995984793
0.254003196955
0.254017263651
0.25403124094
0.254051119089
0.254074662924
0.25409463048
0.254150778055
0.254181623459
0.254215121269
0.25425323844
0.254305064678
0.25434216857
0.254380106926
0.254416048527
0.25446075201
0.254497408867
0.254532128572
0.254566222429
0.254600554705
0.254635483027
0.254686713219
0.254724115133
0.254754066467
0.254776716232
0.254803746939
0.254832208157
0.254856824875
0.254889726639
0.254919558764
0.254945397377
0.254979670048
0.255012750626
0.255100280046
0.255153089762
0.255207777023
0.25527831912
0.255351364613
0.255399227142
0.255472868681
0.255533397198
0.255602121353
0.255681574345
0.255810767412
0.256060689688
0.256123065948
0.256198227406
0.256265223026
0.256322324276
0.25640463829
0.256464034319
0.256536781788
0.256623357534
0.256694734097
0.256751835346
0.256818950176
0.25691524148
0.256974130869
0.257057964802
0.257129818201
0.25725030899
0.257336974144
0.257422357798
0.257517516613
0.257598638535
0.257700681686
0.257806748152
0.257919222116
0.258034855127
0.258155673742
0.258256286383
0.258401811123
0.258503198624
0.258649051189
0.258953809738
0.25912040472
0.259394168854
0.25950717926
0.259581238031
0.259637981653
0.259696364403
0.25977268815
0.259852260351
0.259911954403
0.25999379158
0.260056555271
0.260142594576
0.260207056999
0.260318279266
0.260384321213
0.260450333357
0.260537534952
0.260624289513
0.260730475187
0.260838449001
0.260921508074
0.26098626852
0.261175215244
0.261258631945
0.261321604252
0.26140871644
0.261472046375
0.261559784412
0.261694073677
0.26178508997
0.261884748936
0.261960655451
0.262060016394
0.262159407139
0.262254565954
0.262342482805
0.262446254492
0.26252630353
0.262598633766
0.262667894363
0.262796491385
0.262815743685
0.262824058533
0.262829750776
0.262830466032
0.262828856707
0.262825131416
0.262820571661
0.262812495232
0.262801587582
0.262791335583
0.262776613235
0.262765407562
0.262750357389
0.262731671333
0.262715607882
0.262692838907
0.262675344944
0.262620270252
0.262606531382
0.262594133615
0.262578696012
0.262564718723
0.262554645538
0.2625426054
0.262522310019
0.262485563755
0.262470453978
0.26262781024
0.263275980949
0.263665109873
0.264001578093
0.264463633299
0.26527890563
0.266002029181
0.266569077969
0.267425507307
0.268218457699
0.269057184458
0.270074218512
0.270981431007
0.271747618914
0.27300003171
0.273939907551
0.274734884501
0.276763379574
0.277678817511
0.278723537922
0.279832482338
0.280503720045
0.281489491463
0.282062828541
0.282706022263
0.283473610878
0.283995807171
0.284909427166
0.285978525877
0.287010729313
0.28779527545
0.288109332323
0.288619309664
0.289009183645
0.28935611248
0.289871484041
0.290328860283
0.290865540504
0.291256457567
0.291738033295
0.29221123457
0.292758315802
0.293154925108
0.293635368347
0.294128835201
0.29469114542
0.295903921127
0.296393424273
0.296877712011
0.297519534826
0.297927230597
0.298416614532
0.29905590415
0.299537837505
0.300025671721
0.300593674183
0.301074236631
0.301558703184
0.30213573575
0.302631825209
0.303204417229
0.304370135069
0.304872453213
0.305541098118
0.305969297886
0.306577205658
0.307104378939
0.307633668184
0.308251053095
0.308776378632
0.309220194817
0.309753149748
0.31019666791
0.310905367136
0.311356157064
0.311890780926
0.31277436018
0.313757121563
0.314289540052
0.314904391766
0.31544354558
0.315805405378
0.316518306732
0.317053467035
0.317688137293
0.318412452936
0.324671298265
0.33293607831
0.333097398281
0.333232581615
0.33334043622
0.331557184458
0.331557184458
0.331557184458
0.331557184458
0.330818653107
0.330573171377
0.330226153135
0.329859316349
0.329473614693
0.329176217318
0.328765332699
0.328129529953
0.327806949615
0.327381163836
0.326955109835
0.32653298974
0.326118201017
0.325720697641
0.325335025787
0.325048923492
0.324243158102
0.322492569685
0.339975625277
0.340831905603
0.341475874186
0.342332214117
0.34319087863
0.343835145235
0.344690203667
0.345331549644
0.346176624298
0.346806824207
0.347644805908
0.348261326551
0.348874688148
0.349680274725
0.35046222806
0.351037949324
0.351772844791
0.352306902409
0.354146301746
0.359928935766
0.364750981331
0.365205109119
0.36567363143
0.366171091795
0.366690903902
0.367083460093
0.367610931396
0.368012607098
0.368557214737
0.36910250783
0.369508951902
0.370052725077
0.370459169149
0.370988935232
0.371505767107
0.371890455484
0.372402250767
0.372778356075
0.373264908791
0.374578863382
0.375133812428
0.375982105732
0.376695275307
0.377383947372
0.37808316946
0.37869605422
0.379216939211
0.380101025105
0.380800664425
0.381530493498
0.382486075163
0.383381098509
0.384364485741
0.385603398085
0.386748671532
0.388812839985
0.390368044376
0.391999095678
0.39445951581
0.396530687809
0.399180799723
0.401627749205
0.403830319643
0.406040042639
0.408244371414
0.40988522768
0.411229163408
0.412031561136
0.412824183702
0.413877248764
0.414924353361
0.416952699423
0.418407231569
0.419117301702
0.422466397285
0.423707902431
0.424890995026
0.42638579011
0.427451968193
0.428308337927
0.4296220541
0.430570065975
0.431506812572
0.432566046715
0.433481395245
0.434232860804
0.435284852982
0.437364518642
0.438244223595
0.438965916634
0.439822673798
0.440654426813
0.441449046135
0.44217684865
0.442744076252
0.443579256535
0.444339096546
0.445062160492
0.44581875205
0.446468055248
0.447411388159
0.44803199172
0.449161976576
0.449827700853
0.450521111488
0.451238781214
0.451864540577
0.452589601278
0.453317314386
0.453943252563
0.454750448465
0.45546028018
0.456337720156
0.469691246748
0.469631046057
0.469580769539
0.469539880753
0.469496876001
0.469451278448
0.469413101673
0.469382375479
0.469378232956
0.46940562129
0.469453126192
0.469604313374
0.469757825136
0.470006674528
0.470388501883
0.471397399902
0.471933692694
0.472651779652
0.473206579685
0.473920434713
0.474688261747
0.475478678942
0.476302474737
0.477154076099
0.47785538435
0.478709876537
0.479695498943
0.480392754078
0.481220126152
0.482161670923
0.482809484005
0.484542995691
0.485040336847
0.485318392515
0.485586285591
0.485927134752
0.486242353916
0.486462444067
0.48673671484
0.486985206604
0.487218290567
0.487327188253
0.487577646971
0.487719297409
0.487857013941
0.488026410341
0.488181710243
0.488291323185
0.488433629274
0.488570958376
0.488670557737
0.48876953125
0.488902330399
0.489038527012
0.489437609911
0.489626407623
0.489826202393
0.489992409945
0.49016264081
0.490330904722
0.490495443344
0.490658134222
0.490812718868
0.490958809853
0.491062492132
0.491223007441
0.491338849068
0.491422623396
0.491551250219
0.491647660732
0.491839528084
0.491882324219
0.49191275239
0.49191942811
0.491918563843
0.491913974285
0.491903424263
0.49187925458
0.491861522198
0.491852909327
0.491856664419
0.491882920265
0.491945952177
0.492110610008
0.492391645908
0.492904752493
0.493177711964
0.493662893772
0.493990778923
0.494585186243
0.494967728853
0.495407432318
0.495705783367
0.496156811714
0.496410250664
0.496694296598
0.497009009123
0.497202545404
0.49736097455
0.497510462999
0.497681558132
0.497781604528
0.497847527266
0.497974634171
0.498039752245
0.498131990433
0.498226761818
0.498322933912
0.49839258194
0.498486340046
0.498560279608
0.498668700457
0.498784929514
0.498889625072
0.498993635178
0.499113112688
0.499309897423
0.499425560236
0.499585300684
0.499747753143
0.499868005514
0.500005245209
0.500142276287
0.500271379948
0.500377476215
0.500476539135
0.500549376011
0.500600755215
0.500679552555
0.500729560852
0.500790059566
0.500911712646
0.500992774963
0.501049816608
0.501145660877
0.501183867455
0.501213431358
0.501261174679
0.501289784908
0.501318871975
0.501358687878
0.50139862299
0.501429259777
0.501460552216
0.501502931118
0.501704275608
0.501924455166
0.502046585083
0.502109706402
0.502165079117
0.50222837925
0.502271354198
0.50231140852
0.502346217632
0.502373814583
0.50239354372
0.502417743206
0.502451360226
0.502475976944
0.502499639988
0.502525925636
0.502547502518
0.502572894096
0.502618074417
0.502641677856
0.502670526505
0.5026948452
0.502719163895
0.502746880054
0.50276607275
0.502795159817
0.502825498581
0.502857863903
0.502891242504
0.502921402454
0.503005564213
0.50306147337
0.503094315529
0.50311589241
0.503140509129
0.503164708614
0.503187358379
0.503208637238
0.50323677063
0.503258407116
0.503276228905
0.50330132246
0.503322541714
0.503352224827
0.503370642662
0.50339114666
0.503421783447
0.503435254097
0.503456532955
0.503469884396
0.503486454487
0.503503620625
0.503524303436
0.503539323807
0.503556311131
0.503573179245
0.503590166569
0.503606855869
0.503630697727
0.503648519516
0.503661513329
0.503679573536
0.503708004951
0.50372171402
0.503742933273
0.503749191761
0.503750622272
0.503750920296
0.503751575947
0.503752291203
0.503753185272
0.503753662109
0.503754854202
0.503755331039
0.503757119179
0.503758609295
