
4.11233489102e-11 2.46740059295e-08
3.28986645435e-10 9.86959628357e-08
1.11032926295e-09 2.2206568808e-07
2.6318893045e-09 3.94782877258e-07
5.14040310352e-09 6.16847104207e-07
8.88260450133e-09 8.88257821003e-07
1.41052243522e-08 1.20901435797e-06
2.10549898008e-08 1.57911592368e-06
2.99786237865e-08 1.99856160493e-06
4.11228443369e-08 2.46735036679e-06
5.47343639995e-08 2.98548105256e-06
7.10598892768e-08 3.55295238382e-06
9.03461199181e-08 4.16976296038e-06
1.12839748425e-07 4.83591126032e-06
1.38787459326e-07 5.55139563999e-06
1.68435928687e-07 6.316214334e-06
2.02031823383e-07 7.13036545524e-06
2.39821800608e-07 7.99384699487e-06
2.82052507164e-07 8.90665682233e-06
3.28970578896e-07 9.86879268537e-06
3.80822640126e-07 1.088025221e-05
4.37855302944e-07 1.19410329005e-05
5.00315166717e-07 1.30511321396e-05
5.68448817361e-07 1.42105471882e-05
6.42502826852e-07 1.54192751855e-05
7.22723752499e-07 1.66773131492e-05
8.09358136453e-07 1.79846579751e-05
9.02652504997e-07 1.93413064375e-05
1.00285336798e-06 2.0747255189e-05
1.11020721826e-06 2.22025007606e-05
1.22496053097e-06 2.37070395616e-05
1.34735976308e-06 2.52608678797e-05
1.47765135258e-06 2.68639818809e-05
1.6160817181e-06 2.85163776098e-05
1.7628972581e-06 3.02180509892e-05
1.91834435042e-06 3.19689978205e-05
2.08266935153e-06 3.37692137833e-05
2.25611859607e-06 3.56186944358e-05
2.43893839612e-06 3.75174352145e-05
2.63137504063e-06 3.94654314346e-05
2.83367479486e-06 4.14626782895e-05
3.0460838997e-06 4.35091708512e-05
3.26884857114e-06 4.56049040702e-05
3.50221499955e-06 4.77498727755e-05
3.74642934922e-06 4.99440716746e-05
4.0017377576e-06 5.21874953535e-05
4.26838633484e-06 5.44801382769e-05
4.54662116304e-06 5.68219947877e-05
4.83668829573e-06 5.92130591078e-05
5.1388337573e-06 6.16533253374e-05
5.45330354226e-06 6.41427874555e-05
5.78034361477e-06 6.66814393194e-05
6.12019990793e-06 6.92692746654e-05
6.47311832326e-06 7.19062871082e-05
6.83934473e-06 7.45924701412e-05
7.21912496461e-06 7.73278171365e-05
7.61270483007e-06 8.01123213451e-05
8.02033009531e-06 8.29459758963e-05
8.44224649463e-06 8.58287737984e-05
8.87869972703e-06 8.87607079384e-05
9.3299354557e-06 9.1741771082e-05
9.79619930727e-06 9.47719558738e-05
1.02777368714e-05 9.78512548371e-05
1.07747936999e-05 0.000100979660374
1.12876153066e-05 0.000104157164765
1.1816447166e-05 0.000107383760171
1.23615347134e-05 0.00011065943863
1.29231233439e-05 0.00011398419206
1.35014584119e-05 0.000117358012257
1.40967852305e-05 0.000120780890896
1.47093490709e-05 0.000124252819533
1.53393951616e-05 0.0001277737896
1.59871686881e-05 0.000131343792409
1.66529147923e-05 0.000134962819153
1.73368785713e-05 0.000138630860901
1.80393050779e-05 0.000142347908604
1.87604393187e-05 0.000146113953089
1.95005262546e-05 0.000149928985064
2.02598107995e-05 0.000153792995116
2.103853782e-05 0.00015770597371
2.18369521347e-05 0.000161667911193
2.26552985138e-05 0.000165678797789
2.3493821678e-05 0.0001697386236
2.43527662984e-05 0.00017384737861
2.52323769959e-05 0.000178005052681
2.61328983399e-05 0.000182211635553
2.70545748488e-05 0.000186467116849
2.79976509883e-05 0.000190771486067
2.89623711716e-05 0.000195124732587
2.99489797584e-05 0.000199526845669
3.09577210545e-05 0.000203977814449
3.19888393108e-05 0.000208477627947
3.30425787233e-05 0.000213026275059
3.4119183432e-05 0.000217623744561
3.52188975207e-05 0.00022227002511
3.63419650158e-05 0.000226965105242
3.74886298864e-05 0.000231708973372
3.86591360433e-05 0.000236501617794
3.98537273385e-05 0.000241343026685
4.10726475644e-05 0.000246233188097
4.23161404536e-05 0.000251172089966
4.35844496778e-05 0.000256159720104
4.48778188479e-05 0.000261196066205
4.61964915124e-05 0.000266281115843
4.75407111579e-05 0.00027141485647
4.89107212077e-05 0.00027659727542
5.03067650214e-05 0.000281828359906
5.17290858945e-05 0.00028710809702
5.31779270576e-05 0.000292436473735
5.46535316759e-05 0.000297813476905
5.61561428486e-05 0.00030323909326
5.76860036082e-05 0.000308713309416
5.92433569199e-05 0.000314236111864
6.08284456813e-05 0.000319807486977
6.24415127212e-05 0.000325427421009
6.40828007998e-05 0.000331095900093
6.57525526073e-05 0.000336812910243
6.74510107638e-05 0.000342578437352
6.91784178187e-05 0.000348392467195
7.09350162498e-05 0.000354254985426
7.27210484629e-05 0.00036016597758
7.45367567911e-05 0.000366125429072
7.63823834946e-05 0.000372133325198
7.82581707595e-05 0.000378189651133
8.01643606974e-05 0.000384294391935
8.21011953452e-05 0.000390447532541
8.40689166639e-05 0.000396649057768
8.60677665384e-05 0.000402898952315
8.80979867769e-05 0.000409197200761
9.015981911e-05 0.000415543787565
9.22535051903e-05 0.000421938697068
9.43792865922e-05 0.000428381913491
9.65374048103e-05 0.000434873420936
9.87281012599e-05 0.000441413203386
0.000100951617276 0.000448001244704
0.000103208194111 0.000454637528636
0.000105498072939 0.000461322038807
0.000107821494849 0.000468054758724
0.000110178700848 0.000474835671773
0.000112569931861 0.000481664761225
0.000114995428726 0.000488542010229
0.000117455432201 0.000495467401816
0.000119950182954 0.000502440918898
0.00012247992157 0.000509462544268
0.000125044888548 0.000516532260603
0.000127645324299 0.000523650050457
0.000130281469146 0.000530815896269
0.000132953563325 0.000538029780357
0.000135661846984 0.000545291684923
0.000138406560179 0.000552601592046
0.000141187942878 0.000559959483693
0.00014400623496 0.000567365341707
0.000146861676209 0.000574819147815
0.00014975450632 0.000582320883625
0.000152684964897 0.000589870530629
0.000155653291448 0.000597468070198
0.000158659725389 0.000605113483585
0.000161704506042 0.000612806751927
0.000164787872635 0.000620547856242
0.000167910064299 0.000628336777427
0.000171071320072 0.000636173496267
0.000174271878892 0.000644057993423
0.000177511979604 0.000651990249442
0.000180791860952 0.000659970244751
0.000184111761584 0.000667997959662
0.000187471920048 0.000676073374366
0.000190872574794 0.000684196468938
0.000194313964171 0.000692367223335
0.000197796326427 0.000700585617396
0.00020131989971 0.000708851630844
0.000204884922067 0.000717165243283
0.000208491631441 0.0007255264342
0.000212140265672 0.000733935182964
0.000215831062499 0.000742391468828
0.000219564259554 0.000750895270927
0.000223340094367 0.000759446568278
0.000227158804361 0.000768045339782
0.000231020626853 0.000776691564223
0.000234925799056 0.000785385220266
0.000238874558073 0.000794126286461
0.000242867140901 0.00080291474124
0.00024690378443 0.000811750562919
0.000250984725439 0.000820633729696
0.000255110200599 0.000829564219652
0.000259280446471 0.000838542010754
0.000263495699505 0.000847567080848
0.00026775619604 0.000856639407666
0.000272062172305 0.000865758968823
0.000276413864415 0.000874925741819
0.000280811508372 0.000884139704033
0.000285255340066 0.000893400832733
0.000289745595272 0.000902709105067
0.000294282509651 0.000912064498068
0.000298866318749 0.000921466988652
0.000303497257995 0.00093091655362
0.000308175562703 0.000940413169656
0.000312901468071 0.000949956813327
0.000317675209177 0.000959547461086
0.000322497020983 0.00096918508927
0.000327367138331 0.000978869674097
0.000332285795945 0.000988601191672
0.000337253228429 0.000998379617985
0.000342269670266 0.00100820492891
0.000347335355818 0.00101807710019
0.000352450519328 0.00102799610749
0.000357615394912 0.00103796192632
0.000362830216569 0.00104797453209
0.00036809521817 0.00105803390011
0.000373410633466 0.00106814000554
0.00037877669608 0.00107829282345
0.000384193639513 0.00108849232879
0.000389661697138 0.0010987384964
0.000395181102205 0.001109031301
0.000400752087834 0.00111937071718
0.00040637488702 0.00112975671944
0.000412049732629 0.00114018928214
0.0004177768574 0.00115066837956
0.00042355649394 0.00116119398582
0.000429388874729 0.00117176607497
0.000435274232117 0.00118238462092
0.000441212798323 0.00119304959745
0.000447204805432 0.00120376097827
0.000453250485402 0.00121451873694
0.000459350070054 0.00122532284692
0.000465503791079 0.00123617328155
0.000471711880033 0.00124707001406
0.000477974568338 0.00125801301755
0.000484292087282 0.00126900226504
0.000490664668016 0.0012800377294
0.000497092541558 0.0012911193834
0.000503575938787 0.00130224719971
0.000510115090447 0.00131342115087
0.000516710227142 0.0013246412093
0.000523361579339 0.00133590734732
0.000530069377368 0.00134721953714
0.000536833851417 0.00135857775084
0.000543655231536 0.00136998196039
0.000550533747634 0.00138143213766
0.000557469629478 0.0013929282544
0.000564463106696 0.00140447028223
0.000571514408772 0.00141605819269
0.000578623765047 0.00142769195718
0.000585791404719 0.00143937154699
0.000593017556844 0.00145109693331
0.000600302450331 0.0014628680872
0.000607646313947 0.00147468497962
0.00061504937631 0.00148654758141
0.000622511865895 0.00149845586331
0.000630034011028 0.00151040979593
0.000637616039889 0.00152240934977
0.000645258180511 0.00153445449524
0.000652960660778 0.0015465452026
0.000660723708424 0.00155868144202
0.000668547551035 0.00157086318357
0.000676432416047 0.00158309039718
0.000684378530743 0.00159536305268
0.000692386122259 0.0016076811198
0.000700455417577 0.00162004456813
0.000708586643525 0.00163245336718
0.000716780026782 0.00164490748632
0.000725035793871 0.00165740689483
0.000733354171161 0.00166995156186
0.000741735384869 0.00168254145647
0.000750179661053 0.00169517654758
0.00075868722562 0.00170785680403
0.000767258304317 0.00172058219452
0.000775893122736 0.00173335268766
0.000784591906312 0.00174616825193
0.000793354880322 0.00175902885572
0.000802182269882 0.00177193446729
0.000811074299954 0.0017848850548
0.000820031195337 0.0017978805863
0.000829053180671 0.00181092102972
0.000838140480434 0.00182400635288
0.000847293318945 0.0018371365235
0.000856511920361 0.00185031150918
0.000865796508674 0.00186353127741
0.000875147307718 0.00187679579557
0.000884564541159 0.00189010503094
0.000894048432501 0.00190345895068
0.000903599205085 0.00191685752183
0.000913217082084 0.00193030071134
0.000922902286507 0.00194378848603
0.000932655041197 0.00195732081264
0.000942475568831 0.00197089765776
0.000952364091916 0.00198451898789
0.000962320832795 0.00199818476944
0.00097234601364 0.00201189496867
0.000982439856455 0.00202564955177
0.000992602583074 0.00203944848479
0.00100283441516 0.00205329173368
0.00101313557421 0.0020671792643
0.00102350628155 0.00208111104236
0.00103394675833 0.0020950870335
0.00104445722552 0.00210910720324
0.00105503790393 0.00212317151697
0.0010656890142 0.00213727994001
0.00107641077679 0.00215143243753
0.00108720341198 0.00216562897461
0.00109806713988 0.00217986951623
0.00110900218042 0.00219415402726
0.00112000875337 0.00220848247243
0.00113108707831 0.00222285481641
0.00114223737464 0.00223727102373
0.00115345986159 0.00225173105881
0.00116475475822 0.00226623488599
0.00117612228338 0.00228078246947
0.00118756265578 0.00229537377335
0.00119907609392 0.00231000876164
0.00121066281614 0.00232468739823
0.00122232304059 0.00233940964689
0.00123405698524 0.0023541754713
0.00124586486787 0.00236898483503
0.00125774690609 0.00238383770154
0.00126970331733 0.00239873403418
0.00128173431882 0.00241367379619
0.00129384012761 0.00242865695071
0.00130602096058 0.00244368346078
0.00131827703442 0.00245875328931
0.00133060856561 0.00247386639912
0.00134301577048 0.00248902275293
0.00135549886515 0.00250422231333
0.00136805806556 0.00251946504283
0.00138069358747 0.0025347509038
0.00139340564642 0.00255007985854
0.00140619445781 0.00256545186923
0.00141906023681 0.00258086689793
0.00143200319842 0.00259632490661
0.00144502355745 0.00261182585713
0.0014581215285 0.00262736971124
0.001471297326 0.00264295643058
0.00148455116419 0.00265858597671
0.00149788325708 0.00267425831105
0.00151129381855 0.00268997339494
0.00152478306222 0.0027057311896
0.00153835120156 0.00272153165614
0.00155199844983 0.00273737475559
0.00156572502011 0.00275326044885
0.00157953112525 0.00276918869673
0.00159341697793 0.00278515945992
0.00160738279064 0.00280117269902
0.00162142877565 0.00281722837451
0.00163555514505 0.00283332644679
0.00164976211071 0.00284946687613
0.00166404988434 0.0028656496227
0.0016784186774 0.00288187464658
0.0016928687012 0.00289814190773
0.00170740016681 0.00291445136601
0.00172201328512 0.00293080298119
0.00173670826681 0.00294719671292
0.00175148532238 0.00296363252074
0.00176634466208 0.00298011036411
0.00178128649601 0.00299663020236
0.00179631103403 0.00301319199473
0.00181141848581 0.00302979570037
0.00182660906082 0.0030464412783
0.00184188296831 0.00306312868745
0.00185724041734 0.00307985788664
0.00187268161676 0.00309662883461
0.0018882067752 0.00311344148996
0.0019038161011 0.00313029581122
0.00191950980269 0.00314719175679
0.00193528808798 0.003164129285
0.00195115116477 0.00318110835404
0.00196709924068 0.00319812892202
0.00198313252309 0.00321519094695
0.00199925121917 0.00323229438673
0.00201545553591 0.00324943919916
0.00203174568005 0.00326662534193
0.00204812185814 0.00328385277263
0.00206458427652 0.00330112144877
0.0020811331413 0.00331843132774
0.0020977686584 0.00333578236681
0.0021144910335 0.00335317452319
0.00213130047209 0.00337060775395
0.00214819717942 0.00338808201608
0.00216518136056 0.00340559726647
0.00218225322033 0.0034231534619
0.00219941296335 0.00344075055906
0.00221666079402 0.00345838851451
0.00223399691652 0.00347606728474
0.00225142153482 0.00349378682614
0.00226893485266 0.00351154709498
0.00228653707357 0.00352934804743
0.00230422840087 0.00354718963958
0.00232200903763 0.00356507182741
0.00233987918673 0.00358299456679
0.00235783905081 0.00360095781349
0.0023758888323 0.0036189615232
0.0023940287334 0.0036370056515
0.0024122589561 0.00365509015386
0.00243057970216 0.00367321498566
0.0024489911731 0.00369138010217
0.00246749357025 0.00370958545859
0.00248608709468 0.00372783100998
0.00250477194726 0.00374611671134
0.00252354832863 0.00376444251753
0.0025424164392 0.00378280838335
0.00256137647916 0.00380121426348
0.00258042864845 0.0038196601125
0.00259957314682 0.0038381458849
0.00261881017377 0.00385667153507
0.00263813992856 0.0038752370173
0.00265756261025 0.00389384228578
0.00267707841765 0.0039124872946
0.00269668754935 0.00393117199776
0.00271639020371 0.00394989634915
0.00273618657885 0.00396866030258
0.00275607687266 0.00398746381175
0.00277606128281 0.00400630683026
0.00279614000674 0.00402518931161
0.00281631324162 0.00404411120923
0.00283658118444 0.00406307247641
0.00285694403193 0.00408207306638
0.00287740198057 0.00410111293225
0.00289795522663 0.00412019202704
0.00291860396614 0.00413931030368
0.00293934839489 0.004158467715
0.00296018870844 0.00417766421372
0.0029811251021 0.00419689975249
0.00300215777095 0.00421617428383
0.00302328690984 0.00423548776019
0.00304451271338 0.00425484013392
0.00306583537593 0.00427423135727
0.00308725509162 0.00429366138239
0.00310877205434 0.00431313016133
0.00313038645775 0.00433263764607
0.00315209849523 0.00435218378847
0.00317390835998 0.0043717685403
0.00319581624491 0.00439139185323
0.0032178223427 0.00441105367886
0.0032399268458 0.00443075396866
0.00326212994641 0.00445049267403
0.00328443183649 0.00447026974626
0.00330683270774 0.00449008513656
0.00332933275163 0.00450993879603
0.0033519321594 0.00452983067568
0.00337463112201 0.00454976072644
0.0033974298302 0.00456972889913
0.00342032847446 0.00458973514448
0.00344332724502 0.00460977941313
0.00346642633188 0.00462986165562
0.00348962592478 0.00464998182239
0.00351292621322 0.00467013986381
0.00353632738646 0.00469033573014
0.00355982963348 0.00471056937154
0.00358343314305 0.00473084073809
0.00360713810366 0.00475114977977
0.00363094470356 0.00477149644648
0.00365485313075 0.004791880688
0.00367886357298 0.00481230245405
0.00370297621774 0.00483276169423
0.00372719125229 0.00485325835806
0.00375150886361 0.00487379239497
0.00377592923845 0.0048943637543
0.00380045256328 0.00491497238528
0.00382507902433 0.00493561823707
0.0038498088076 0.00495630125872
0.00387464209879 0.0049770213992
0.00389957908337 0.00499777860739
0.00392461994655 0.00501857283207
0.0039497648733 0.00503940402193
0.0039750140483 0.00506027212558
0.00400036765599 0.00508117709152
0.00402582588056 0.00510211886817
0.00405138890594 0.00512309740386
0.00407705691578 0.00514411264683
0.0041028300935 0.00516516454523
0.00412870862224 0.0051862530471
0.00415469268489 0.00520737810043
0.00418078246407 0.00522853965308
0.00420697814216 0.00524973765284
0.00423327990126 0.0052709720474
0.00425968792321 0.00529224278438
0.00428620238959 0.00531354981129
0.00431282348172 0.00533489307555
0.00433955138065 0.0053562725245
0.00436638626718 0.0053776881054
0.00439332832184 0.0053991397654
0.00442037772488 0.00542062745157
0.00444753465631 0.00544215111089
0.00447479929585 0.00546371069026
0.00450217182299 0.00548530613648
0.00452965241691 0.00550693739626
0.00455724125655 0.00552860441623
0.00458493852058 0.00555030714293
0.0046127443874 0.00557204552282
0.00464065903514 0.00559381950224
0.00466868264167 0.00561562902749
0.00469681538457 0.00563747404474
0.00472505744118 0.00565935450009
0.00475340898855 0.00568127033956
0.00478187020346 0.00570322150908
0.00481044126243 0.00572520795447
0.00483912234171 0.0057472296215
0.00486791361726 0.00576928645581
0.00489681526478 0.005791378403
0.00492582745972 0.00581350540855
0.00495495037721 0.00583566741787
0.00498418419214 0.00585786437627
0.00501352907913 0.00588009622898
0.0050429852125 0.00590236292115
0.00507255276632 0.00592466439784
0.00510223191436 0.00594700060402
0.00513202283015 0.00596937148458
0.00516192568691 0.00599177698432
0.0051919406576 0.00601421704796
0.0052220679149 0.00603669162013
0.00525230763122 0.00605920064537
0.00528265997868 0.00608174406815
0.00531312512914 0.00610432183285
0.00534370325415 0.00612693388374
0.00537439452503 0.00614958016505
0.00540519911276 0.0061722606209
0.0054361171881 0.00619497519531
0.00546714892149 0.00621772383225
0.0054982944831 0.00624050647559
0.00552955404283 0.00626332306911
0.00556092777028 0.00628617355652
0.00559241583479 0.00630905788143
0.0056240184054 0.00633197598737
0.00565573565087 0.00635492781781
0.00568756773969 0.00637791331611
0.00571951484005 0.00640093242555
0.00575157711987 0.00642398508934
0.00578375474677 0.0064470712506
0.00581604788811 0.00647019085236
0.00584845671093 0.00649334383758
0.00588098138203 0.00651653014913
0.00591362206787 0.0065397497298
0.00594637893468 0.00656300252231
0.00597925214835 0.00658628846927
0.00601224187453 0.00660960751322
0.00604534827855 0.00663295959664
0.00607857152547 0.00665634466191
0.00611191178004 0.00667976265131
0.00614536920676 0.00670321350708
0.0061789439698 0.00672669717135
0.00621263623306 0.00675021358617
0.00624644616015 0.00677376269353
0.00628037391438 0.00679734443531
0.00631441965879 0.00682095875333
0.00634858355611 0.00684460558932
0.00638286576878 0.00686828488494
0.00641726645896 0.00689199658176
0.00645178578851 0.00691574062128
0.00648642391898 0.00693951694491
0.00652118101167 0.00696332549398
0.00655605722753 0.00698716620975
0.00659105272728 0.0070110390334
0.00662616767128 0.00703494390601
0.00666140221965 0.00705888076861
0.00669675653219 0.00708284956214
0.00673223076839 0.00710685022745
0.00676782508748 0.00713088270532
0.00680353964837 0.00715494693647
0.00683937460967 0.0071790428615
0.00687533012971 0.00720317042098
0.00691140636651 0.00722732955535
0.00694760347779 0.00725152020503
0.00698392162098 0.00727574231031
0.00702036095322 0.00729999581142
0.00705692163132 0.00732428064854
0.00709360381183 0.00734859676174
0.00713040765097 0.00737294409101
0.00716733330467 0.00739732257629
0.00720438092856 0.00742173215743
0.00724155067797 0.00744617277419
0.00727884270792 0.00747064436627
0.00731625717315 0.00749514687329
0.00735379422808 0.00751968023479
0.00739145402682 0.00754424439024
0.0074292367232 0.00756883927903
0.00746714247074 0.00759346484047
0.00750517142263 0.0076181210138
0.00754332373179 0.00764280773819
0.00758159955083 0.00766752495273
0.00761999903203 0.00769227259642
0.00765852232741 0.0077170506082
0.00769716958863 0.00774185892694
0.00773594096708 0.00776669749143
0.00777483661385 0.00779156624037
0.00781385667969 0.00781646511241
0.00785300131508 0.00784139404611
0.00789227067015 0.00786635297996
0.00793166489477 0.00789134185238
0.00797118413847 0.00791636060171
0.00801082855048 0.00794140916622
0.00805059827972 0.0079664874841
0.00809049347481 0.00799159549348
0.00813051428404 0.00801673313241
0.00817066085541 0.00804190033885
0.00821093333661 0.00806709705072
0.00825133187499 0.00809232320583
0.00829185661763 0.00811757874196
0.00833250771128 0.00814286359678
0.00837328530236 0.0081681777079
0.00841418953701 0.00819352101287
0.00845522056104 0.00821889344916
0.00849637851995 0.00824429495415
0.00853766355893 0.00826972546518
0.00857907582284 0.00829518491949
0.00862061545626 0.00832067325427
0.00866228260341 0.00834619040663
0.00870407740825 0.0083717363136
0.00874600001437 0.00839731091216
0.00878805056508 0.0084229141392
0.00883022920337 0.00844854593155
0.0088725360719 0.00847420622597
0.00891497131303 0.00849989495913
0.00895753506879 0.00852561206767
0.00900022748089 0.00855135748811
0.00904304869075 0.00857713115694
0.00908599883944 0.00860293301056
0.00912907806772 0.00862876298531
0.00917228651605 0.00865462101746
0.00921562432455 0.00868050704321
0.00925909163303 0.00870642099868
0.00930268858098 0.00873236281993
0.00934641530757 0.00875833244296
0.00939027195164 0.00878432980368
0.00943425865173 0.00881035483796
0.00947837554604 0.00883640748157
0.00952262277245 0.00886248767024
0.00956700046854 0.00888859533961
0.00961150877154 0.00891473042527
0.00965614781838 0.00894089286273
0.00970091774565 0.00896708258743
0.00974581868962 0.00899329953476
0.00979085078626 0.00901954364004
0.00983601417118 0.00904581483849
0.00988130897969 0.00907211306531
0.00992673534677 0.00909843825561
0.00997229340708 0.00912479034442
0.0100179832949 0.00915116926674
0.0100638051444 0.00917757495746
0.010109759089 0.00920400735145
0.0101558452623 0.00923046638347
0.0102020637971 0.00925695198824
0.0102484148263 0.00928346410042
0.0102948984822 0.00931000265459
0.0103415148968 0.00933656758526
0.0103882642019 0.00936315882689
0.0104351465288 0.00938977631387
0.0104821620087 0.00941641998052
0.0105293107722 0.0094430897611
0.0105765929497 0.00946978558981
0.0106240086714 0.00949650740077
0.0106715580669 0.00952325512806
0.0107192412657 0.00955002870568
0.0107670583969 0.00957682806756
0.0108150095893 0.00960365314759
0.0108630949712 0.00963050387956
0.0109113146707 0.00965738019724
0.0109596688157 0.0096842820343
0.0110081575335 0.00971120932437
0.0110567809512 0.00973816200101
0.0111055391957 0.00976513999771
0.0111544323933 0.00979214324792
0.0112034606702 0.00981917168499
0.011252624152 0.00984622524225
0.0113019229643 0.00987330385294
0.0113513572322 0.00990040745024
0.0114009270804 0.00992753596728
0.0114506326333 0.00995468933713
0.011500474015 0.00998186749279
0.0115504513494 0.0100090703672
0.0116005647598 0.0100362978932
0.0116508143693 0.0100635500037
0.0117012003007 0.0100908266314
0.0117517226764 0.0101181277089
0.0118023816184 0.010145453169
0.0118531772486 0.0101728029443
0.0119041096883 0.0102001769671
0.0119551790586 0.0102275751701
0.0120063854802 0.0102549974855
0.0120577290735 0.0102824438458
0.0121092099586 0.0103099141831
0.0121608282552 0.0103374084298
0.0122125840826 0.010364926518
0.01226447756 0.0103924683797
0.0123165088059 0.0104200339471
0.0123686779388 0.0104476231521
0.0124209850767 0.0104752359266
0.0124734303373 0.0105028722026
0.0125260138378 0.0105305319118
0.0125787356953 0.0105582149859
0.0126315960265 0.0105859213567
0.0126845949476 0.0106136509558
0.0127377325747 0.0106414037148
0.0127910090233 0.0106691795652
0.0128444244087 0.0106969784385
0.0128979788459 0.010724800266
0.0129516724495 0.0107526449792
0.0130055053337 0.0107805125093
0.0130594776125 0.0108084027876
0.0131135893994 0.0108363157452
0.0131678408076 0.0108642513133
0.0132222319501 0.010892209423
0.0132767629393 0.0109201900052
0.0133314338875 0.010948192991
0.0133862449065 0.0109762183112
0.0134411961077 0.0110042658966
0.0134962876024 0.0110323356782
0.0135515195014 0.0110604275866
0.013606891915 0.0110885415525
0.0136624049535 0.0111166775065
0.0137180587266 0.0111448353792
0.0137738533437 0.0111730151012
0.0138297889139 0.0112012166029
0.013885865546 0.0112294398147
0.0139420833482 0.011257684667
0.0139984424286 0.0112859510901
0.0140549428949 0.0113142390142
0.0141115848544 0.0113425483696
0.0141683684142 0.0113708790864
0.0142252936808 0.0113992310947
0.0142823607605 0.0114276043245
0.0143395697593 0.0114559987059
0.0143969207827 0.0114844141687
0.014454413936 0.0115128506429
0.014512049324 0.0115413080583
0.0145698270514 0.0115697863447
0.0146277472222 0.0115982854318
0.0146858099402 0.0116268052493
0.0147440153091 0.0116553457268
0.0148023634318 0.0116839067939
0.0148608544112 0.0117124883801
0.0149194883497 0.011741090415
0.0149782653493 0.0117697128279
0.0150371855118 0.0117983555482
0.0150962489385 0.0118270185053
0.0151554557305 0.0118557016284
0.0152148059883 0.0118844048467
0.0152742998123 0.0119131280894
0.0153339373025 0.0119418712857
0.0153937185583 0.0119706343647
0.0154536436791 0.0119994172553
0.0155137127638 0.0120282198865
0.0155739259108 0.0120570421873
0.0156342832183 0.0120858840866
0.0156947847842 0.0121147455131
0.0157554307059 0.0121436263958
0.0158162210805 0.0121725266633
0.0158771560047 0.0122014462442
0.015938235575 0.0122303850674
0.0159994598873 0.0122593430613
0.0160608290374 0.0122883201545
0.0161223431206 0.0123173162754
0.0161840022318 0.0123463313527
0.0162458064656 0.0123753653146
0.0163077559163 0.0124044180896
0.0163698506777 0.0124334896059
0.0164320908434 0.0124625797918
0.0164944765066 0.0124916885755
0.0165570077601 0.0125208158852
0.0166196846962 0.0125499616491
0.0166825074072 0.0125791257953
0.0167454759847 0.0126083082517
0.0168085905201 0.0126375089463
0.0168718511044 0.0126667278072
0.0169352578283 0.0126959647622
0.0169988107821 0.0127252197391
0.0170625100556 0.0127544926659
0.0171263557386 0.0127837834702
0.01719034792 0.0128130920799
0.0172544866889 0.0128424184225
0.0173187721337 0.0128717624257
0.0173832043425 0.0129011240172
0.017447783403 0.0129305031244
0.0175125094028 0.0129598996749
0.0175773824287 0.0129893135962
0.0176424025676 0.0130187448156
0.0177075699056 0.0130481932606
0.0177728845288 0.0130776588585
0.0178383465227 0.0131071415365
0.0179039559725 0.013136641222
0.0179697129631 0.0131661578422
0.018035617579 0.0131956913242
0.0181016699043 0.0132252415951
0.0181678700228 0.0132548085821
0.0182342180179 0.0132843922121
0.0183007139726 0.0133139924123
0.0183673579695 0.0133436091095
0.018434150091 0.0133732422307
0.0185010904191 0.0134028917028
0.0185681790352 0.0134325574526
0.0186354160206 0.0134622394069
0.0187028014561 0.0134919374925
0.0187703354223 0.013521651636
0.0188380179991 0.0135513817643
0.0189058492665 0.0135811278039
0.0189738293036 0.0136108896814
0.0190419581895 0.0136406673234
0.019110236003 0.0136704606564
0.0191786628221 0.0137002696069
0.0192472387249 0.0137300941014
0.0193159637889 0.0137599340662
0.0193848380913 0.0137897894278
0.0194538617087 0.0138196601125
0.0195230347178 0.0138495460465
0.0195923571945 0.0138794471562
0.0196618292145 0.0139093633678
0.0197314508532 0.0139392946073
0.0198012221855 0.0139692408011
0.019871143286 0.0139992018752
0.019941214229 0.0140291777556
0.0200114350882 0.0140591683685
0.0200818059371 0.0140891736397
0.0201523268489 0.0141191934954
0.0202229978962 0.0141492278613
0.0202938191515 0.0141792766634
0.0203647906868 0.0142093398276
0.0204359125736 0.0142394172797
0.0205071848833 0.0142695089454
0.0205786076866 0.0142996147506
0.0206501810542 0.0143297346209
0.0207219050562 0.014359868482
0.0207937797622 0.0143900162596
0.0208658052418 0.0144201778792
0.020937981564 0.0144503532665
0.0210103087973 0.014480542347
0.0210827870101 0.0145107450462
0.0211554162704 0.0145409612897
0.0212281966455 0.0145711910027
0.0213011282027 0.0146014341108
0.0213742110088 0.0146316905393
0.0214474451302 0.0146619602136
0.0215208306329 0.014692243059
0.0215943675826 0.0147225390007
0.0216680560446 0.014752847964
0.0217418960838 0.0147831698742
0.0218158877648 0.0148135046564
0.0218900311517 0.0148438522357
0.0219643263084 0.0148742125373
0.0220387732982 0.0149045854863
0.0221133721842 0.0149349710078
0.0221881230291 0.0149653690266
0.0222630258951 0.014995779468
0.0223380808443 0.0150262022567
0.0224132879382 0.0150566373178
0.0224886472378 0.0150870845762
0.0225641588041 0.0151175439566
0.0226398226975 0.0151480153841
0.0227156389779 0.0151784987833
0.0227916077051 0.0152089940792
0.0228677289384 0.0152395011963
0.0229440027367 0.0152700200595
0.0230204291585 0.0153005505935
0.0230970082619 0.0153310927229
0.0231737401049 0.0153616463723
0.0232506247447 0.0153922114665
0.0233276622385 0.0154227879299
0.0234048526429 0.0154533756871
0.0234821960141 0.0154839746626
0.0235596924081 0.015514584781
0.0236373418803 0.0155452059667
0.023715144486 0.0155758381442
0.02379310028 0.0156064812378
0.0238712093165 0.0156371351721
0.0239494716496 0.0156677998712
0.024027887333 0.0156984752597
0.0241064564199 0.0157291612617
0.0241851789632 0.0157598578016
0.0242640550154 0.0157905648036
0.0243430846285 0.015821282192
0.0244222678545 0.0158520098909
0.0245016047445 0.0158827478246
0.0245810953496 0.0159134959172
0.0246607397205 0.0159442540929
0.0247405379073 0.0159750222757
0.0248204899598 0.0160058003897
0.0249005959276 0.016036588359
0.0249808558597 0.0160673861077
0.0250612698048 0.0160981935597
0.0251418378113 0.016129010639
0.0252225599271 0.0161598372696
0.0253034361998 0.0161906733754
0.0253844666765 0.0162215188803
0.0254656514042 0.0162523737083
0.025546990429 0.0162832377831
0.0256284837973 0.0163141110288
0.0257101315545 0.0163449933689
0.025791933746 0.0163758847275
0.0258738904167 0.0164067850281
0.025956001611 0.0164376941947
0.0260382673733 0.0164686121509
0.0261206877471 0.0164995388205
0.0262032627759 0.0165304741271
0.0262859925026 0.0165614179944
0.0263688769699 0.0165923703461
0.0264519162201 0.0166233311057
0.0265351102949 0.016654300197
0.0266184592358 0.0166852775434
0.026701963084 0.0167162630686
0.02678562188 0.0167472566961
0.0268694356643 0.0167782583494
0.0269534044768 0.016809267952
0.0270375283569 0.0168402854275
0.027121807344 0.0168713106992
0.0272062414768 0.0169023436906
0.0272908307937 0.0169333843253
0.0273755753327 0.0169644325264
0.0274604751314 0.0169954882176
0.0275455302272 0.0170265513221
0.0276307406569 0.0170576217632
0.0277161064569 0.0170886994644
0.0278016276635 0.017119784349
0.0278873043123 0.0171508763401
0.0279731364386 0.0171819753612
0.0280591240775 0.0172130813356
0.0281452672634 0.0172441941863
0.0282315660307 0.0172753138367
0.028318020413 0.0173064402101
0.0284046304438 0.0173375732295
0.0284913961562 0.0173687128182
0.0285783175828 0.0173998588993
0.0286653947559 0.017431011396
0.0287526277074 0.0174621702314
0.0288400164687 0.0174933353287
0.028927561071 0.0175245066109
0.029015261545 0.0175556840012
0.029103117921 0.0175868674226
0.0291911302291 0.0176180567981
0.0292792984988 0.0176492520508
0.0293676227593 0.0176804531038
0.0294561030394 0.01771165988
0.0295447393675 0.0177428723025
0.0296335317717 0.0177740902942
0.0297224802796 0.0178053137782
0.0298115849185 0.0178365426773
0.0299008457153 0.0178677769145
0.0299902626964 0.0178990164128
0.030079835888 0.017930261095
0.0301695653159 0.0179615108841
0.0302594510052 0.017992765703
0.0303494929811 0.0180240254745
0.0304396912681 0.0180552901216
0.0305300458904 0.018086559567
0.0306205568717 0.0181178337336
0.0307112242354 0.0181491125443
0.0308020480047 0.0181803959219
0.0308930282021 0.0182116837892
0.03098416485 0.018242976069
0.03107545797 0.018274272684
0.0311669075839 0.0183055735572
0.0312585137126 0.0183368786111
0.0313502763768 0.0183681877686
0.031442195597 0.0183995009525
0.031534271393 0.0184308180854
0.0316265037843 0.0184621390902
0.0317188927902 0.0184934638894
0.0318114384294 0.0185247924059
0.0319041407203 0.0185561245623
0.0319969996809 0.0185874602814
0.0320900153289 0.0186187994857
0.0321831876815 0.018650142098
0.0322765167555 0.018681488041
0.0323700025673 0.0187128372372
0.0324636451331 0.0187441896094
0.0325574444686 0.0187755450802
0.032651400589 0.0188069035722
0.0327455135092 0.018838265008
0.0328397832438 0.0188696293104
0.032934209807 0.0189009964018
0.0330287932124 0.0189323662048
0.0331235334734 0.0189637386422
0.033218430603 0.0189951136364
0.0333134846139 0.0190264911101
0.0334086955181 0.0190578709858
0.0335040633276 0.0190892531861
0.0335995880537 0.0191206376336
0.0336952697076 0.0191520242509
0.0337911082997 0.0191834129604
0.0338871038405 0.0192148036848
0.0339832563398 0.0192461963466
0.0340795658071 0.0192775908683
0.0341760322515 0.0193089871725
0.0342726556817 0.0193403851817
0.034369436106 0.0193717848184
0.0344663735324 0.0194031860052
0.0345634679685 0.0194345886646
0.0346607194214 0.0194659927191
0.0347581278979 0.0194973980911
0.0348556934044 0.0195288047033
0.0349534159469 0.0195602124781
0.035051295531 0.0195916213381
0.0351493321619 0.0196230312057
0.0352475258446 0.0196544420034
0.0353458765834 0.0196858536538
0.0354443843824 0.0197172660792
0.0355430492453 0.0197486792023
0.0356418711755 0.0197800929455
0.0357408501757 0.0198115072313
0.0358399862486 0.0198429219822
0.0359392793962 0.0198743371207
0.0360387296203 0.0199057525692
0.0361383369222 0.0199371682503
0.036238101303 0.0199685840864
0.0363380227632 0.02
0.036438101303 0.0200314159136
0.0365383369222 0.0200628317497
0.0366387296203 0.0200942474308
0.0367392793962 0.0201256628793
0.0368399862486 0.0201570780178
0.0369408501757 0.0201884927687
0.0370418711755 0.0202199070545
0.0371430492453 0.0202513207977
0.0372443843824 0.0202827339208
0.0373458765834 0.0203141463462
0.0374475258446 0.0203455579966
0.0375493321619 0.0203769687943
0.037651295531 0.0204083786619
0.0377534159469 0.0204397875219
0.0378556934044 0.0204711952967
0.0379581278979 0.0205026019089
0.0380607194214 0.0205340072809
0.0381634679685 0.0205654113354
0.0382663735324 0.0205968139948
0.038369436106 0.0206282151816
0.0384726556817 0.0206596148183
0.0385760322515 0.0206910128275
0.0386795658071 0.0207224091317
0.0387832563398 0.0207538036534
0.0388871038405 0.0207851963152
0.0389911082997 0.0208165870396
0.0390952697076 0.0208479757491
0.0391995880537 0.0208793623664
0.0393040633276 0.0209107468139
0.0394086955181 0.0209421290142
0.0395134846139 0.0209735088899
0.039618430603 0.0210048863636
0.0397235334734 0.0210362613578
0.0398287932124 0.0210676337952
0.039934209807 0.0210990035982
0.0400397832438 0.0211303706896
0.0401455135092 0.021161734992
0.040251400589 0.0211930964278
0.0403574444686 0.0212244549198
0.0404636451331 0.0212558103906
0.0405700025673 0.0212871627628
0.0406765167555 0.021318511959
0.0407831876815 0.021349857902
0.0408900153289 0.0213812005143
0.0409969996809 0.0214125397186
0.0411041407203 0.0214438754377
0.0412114384294 0.0214752075941
0.0413188927902 0.0215065361106
0.0414265037843 0.0215378609098
0.041534271393 0.0215691819146
0.041642195597 0.0216004990475
0.0417502763768 0.0216318122314
0.0418585137126 0.0216631213889
0.0419669075839 0.0216944264428
0.04207545797 0.021725727316
0.04218416485 0.021757023931
0.0422930282021 0.0217883162108
0.0424020480047 0.0218196040781
0.0425112242354 0.0218508874557
0.0426205568717 0.0218821662664
0.0427300458904 0.021913440433
0.0428396912681 0.0219447098784
0.0429494929811 0.0219759745255
0.0430594510052 0.022007234297
0.0431695653159 0.0220384891159
0.043279835888 0.022069738905
0.0433902626964 0.0221009835872
0.0435008457153 0.0221322230855
0.0436115849185 0.0221634573227
0.0437224802796 0.0221946862218
0.0438335317717 0.0222259097058
0.0439447393675 0.0222571276975
0.0440561030394 0.02228834012
0.0441676227593 0.0223195468962
0.0442792984988 0.0223507479492
0.0443911302291 0.0223819432019
0.044503117921 0.0224131325774
0.044615261545 0.0224443159988
0.044727561071 0.0224754933891
0.0448400164687 0.0225066646713
0.0449526277074 0.0225378297686
0.0450653947559 0.022568988604
0.0451783175828 0.0226001411007
0.0452913961562 0.0226312871818
0.0454046304438 0.0226624267705
0.045518020413 0.0226935597899
0.0456315660307 0.0227246861633
0.0457452672634 0.0227558058137
0.0458591240775 0.0227869186644
0.0459731364386 0.0228180246388
0.0460873043123 0.0228491236599
0.0462016276635 0.022880215651
0.0463161064569 0.0229113005356
0.0464307406569 0.0229423782368
0.0465455302272 0.0229734486779
0.0466604751314 0.0230045117824
0.0467755753327 0.0230355674736
0.0468908307937 0.0230666156747
0.0470062414768 0.0230976563094
0.047121807344 0.0231286893008
0.0472375283569 0.0231597145725
0.0473534044768 0.023190732048
0.0474694356643 0.0232217416506
0.04758562188 0.0232527433039
0.047701963084 0.0232837369314
0.0478184592358 0.0233147224566
0.0479351102949 0.023345699803
0.0480519162201 0.0233766688943
0.0481688769699 0.0234076296539
0.0482859925026 0.0234385820056
0.0484032627759 0.0234695258729
0.0485206877471 0.0235004611795
0.0486382673733 0.0235313878491
0.048756001611 0.0235623058053
0.0488738904167 0.0235932149719
0.048991933746 0.0236241152725
0.0491101315545 0.0236550066311
0.0492284837973 0.0236858889712
0.049346990429 0.0237167622169
0.0494656514042 0.0237476262917
0.0495844666765 0.0237784811197
0.0497034361998 0.0238093266246
0.0498225599271 0.0238401627304
0.0499418378113 0.023870989361
0.0500612698048 0.0239018064403
0.0501808558597 0.0239326138923
0.0503005959276 0.023963411641
0.0504204899598 0.0239941996103
0.0505405379073 0.0240249777243
0.0506607397205 0.0240557459071
0.0507810953496 0.0240865040828
0.0509016047445 0.0241172521754
0.0510222678545 0.0241479901091
0.0511430846285 0.024178717808
0.0512640550154 0.0242094351964
0.0513851789632 0.0242401421984
0.0515064564199 0.0242708387383
0.051627887333 0.0243015247403
0.0517494716496 0.0243322001288
0.0518712093165 0.0243628648279
0.05199310028 0.0243935187622
0.052115144486 0.0244241618558
0.0522373418803 0.0244547940333
0.0523596924081 0.024485415219
0.0524821960141 0.0245160253374
0.0526048526429 0.0245466243129
0.0527276622385 0.0245772120701
0.0528506247447 0.0246077885335
0.0529737401049 0.0246383536277
0.0530970082619 0.0246689072771
0.0532204291585 0.0246994494065
0.0533440027367 0.0247299799405
0.0534677289384 0.0247604988037
0.0535916077051 0.0247910059208
0.0537156389779 0.0248215012167
0.0538398226975 0.0248519846159
0.0539641588041 0.0248824560434
0.0540886472378 0.0249129154238
0.0542132879382 0.0249433626822
0.0543380808443 0.0249737977433
0.0544630258951 0.025004220532
0.0545881230291 0.0250346309734
0.0547133721842 0.0250650289922
0.0548387732982 0.0250954145137
0.0549643263084 0.0251257874627
0.0550900311517 0.0251561477643
0.0552158877648 0.0251864953436
0.0553418960838 0.0252168301258
0.0554680560446 0.025247152036
0.0555943675826 0.0252774609993
0.0557208306329 0.025307756941
0.0558474451302 0.0253380397864
0.0559742110088 0.0253683094607
0.0561011282027 0.0253985658892
0.0562281966455 0.0254288089973
0.0563554162704 0.0254590387103
0.0564827870101 0.0254892549538
0.0566103087973 0.025519457653
0.056737981564 0.0255496467335
0.0568658052418 0.0255798221208
0.0569937797622 0.0256099837404
0.0571219050562 0.025640131518
0.0572501810542 0.0256702653791
0.0573786076866 0.0257003852494
0.0575071848833 0.0257304910546
0.0576359125736 0.0257605827203
0.0577647906868 0.0257906601724
0.0578938191515 0.0258207233366
0.0580229978962 0.0258507721387
0.0581523268489 0.0258808065046
0.0582818059371 0.0259108263603
0.0584114350882 0.0259408316315
0.058541214229 0.0259708222444
0.058671143286 0.0260007981248
0.0588012221855 0.0260307591989
0.0589314508532 0.0260607053927
0.0590618292145 0.0260906366322
0.0591923571945 0.0261205528438
0.0593230347178 0.0261504539535
0.0594538617087 0.0261803398875
0.0595848380913 0.0262102105722
0.0597159637889 0.0262400659338
0.0598472387249 0.0262699058986
0.0599786628221 0.0262997303931
0.060110236003 0.0263295393436
0.0602419581895 0.0263593326766
0.0603738293036 0.0263891103186
0.0605058492665 0.0264188721961
0.0606380179991 0.0264486182357
0.0607703354223 0.026478348364
0.0609028014561 0.0265080625075
0.0610354160206 0.0265377605931
0.0611681790352 0.0265674425474
0.0613010904191 0.0265971082972
0.061434150091 0.0266267577693
0.0615673579695 0.0266563908905
0.0617007139726 0.0266860075877
0.0618342180179 0.0267156077879
0.0619678700228 0.0267451914179
0.0621016699043 0.0267747584049
0.062235617579 0.0268043086758
0.0623697129631 0.0268338421578
0.0625039559725 0.026863358778
0.0626383465227 0.0268928584635
0.0627728845288 0.0269223411415
0.0629075699056 0.0269518067394
0.0630424025676 0.0269812551844
0.0631773824287 0.0270106864038
0.0633125094028 0.0270401003251
0.063447783403 0.0270694968756
0.0635832043425 0.0270988759828
0.0637187721337 0.0271282375743
0.0638544866889 0.0271575815775
0.06399034792 0.0271869079201
0.0641263557386 0.0272162165298
0.0642625100556 0.0272455073341
0.0643988107821 0.0272747802609
0.0645352578283 0.0273040352378
0.0646718511044 0.0273332721928
0.0648085905201 0.0273624910537
0.0649454759847 0.0273916917483
0.0650825074072 0.0274208742047
0.0652196846962 0.0274500383509
0.0653570077601 0.0274791841148
0.0654944765066 0.0275083114245
0.0656320908434 0.0275374202082
0.0657698506777 0.0275665103941
0.0659077559163 0.0275955819104
0.0660458064656 0.0276246346854
0.0661840022318 0.0276536686473
0.0663223431206 0.0276826837246
0.0664608290374 0.0277116798455
0.0665994598873 0.0277406569387
0.066738235575 0.0277696149326
0.0668771560047 0.0277985537558
0.0670162210805 0.0278274733367
0.0671554307059 0.0278563736042
0.0672947847842 0.0278852544869
0.0674342832183 0.0279141159134
0.0675739259108 0.0279429578127
0.0677137127638 0.0279717801135
0.0678536436791 0.0280005827447
0.0679937185583 0.0280293656353
0.0681339373025 0.0280581287143
0.0682742998123 0.0280868719106
0.0684148059883 0.0281155951533
0.0685554557305 0.0281442983716
0.0686962489385 0.0281729814947
0.0688371855118 0.0282016444518
0.0689782653493 0.0282302871721
0.0691194883497 0.028258909585
0.0692608544112 0.0282875116199
0.0694023634318 0.0283160932061
0.0695440153091 0.0283446542732
0.0696858099402 0.0283731947507
0.0698277472222 0.0284017145682
0.0699698270514 0.0284302136553
0.070112049324 0.0284586919417
0.070254413936 0.0284871493571
0.0703969207827 0.0285155858313
0.0705395697593 0.0285440012941
0.0706823607605 0.0285723956755
0.0708252936808 0.0286007689053
0.0709683684142 0.0286291209136
0.0711115848544 0.0286574516304
0.0712549428949 0.0286857609858
0.0713984424286 0.0287140489099
0.0715420833482 0.028742315333
0.071685865546 0.0287705601853
0.0718297889139 0.0287987833971
0.0719738533437 0.0288269848988
0.0721180587266 0.0288551646208
0.0722624049535 0.0288833224935
0.072406891915 0.0289114584475
0.0725515195014 0.0289395724134
0.0726962876024 0.0289676643218
0.0728411961077 0.0289957341034
0.0729862449065 0.0290237816888
0.0731314338875 0.029051807009
0.0732767629393 0.0290798099948
0.0734222319501 0.029107790577
0.0735678408076 0.0291357486867
0.0737135893994 0.0291636842548
0.0738594776125 0.0291915972124
0.0740055053337 0.0292194874907
0.0741516724495 0.0292473550208
0.0742979788459 0.029275199734
0.0744444244087 0.0293030215615
0.0745910090233 0.0293308204348
0.0747377325747 0.0293585962852
0.0748845949476 0.0293863490442
0.0750315960265 0.0294140786433
0.0751787356953 0.0294417850141
0.0753260138378 0.0294694680882
0.0754734303373 0.0294971277974
0.0756209850767 0.0295247640734
0.0757686779388 0.0295523768479
0.0759165088059 0.0295799660529
0.07606447756 0.0296075316203
0.0762125840826 0.029635073482
0.0763608282552 0.0296625915702
0.0765092099586 0.0296900858169
0.0766577290735 0.0297175561542
0.0768063854802 0.0297450025145
0.0769551790586 0.0297724248299
0.0771041096883 0.0297998230329
0.0772531772486 0.0298271970557
0.0774023816184 0.029854546831
0.0775517226764 0.0298818722911
0.0777012003007 0.0299091733686
0.0778508143693 0.0299364499963
0.0780005647598 0.0299637021068
0.0781504513494 0.0299909296328
0.078300474015 0.0300181325072
0.0784506326333 0.0300453106629
0.0786009270804 0.0300724640327
0.0787513572322 0.0300995925498
0.0789019229643 0.0301266961471
0.079052624152 0.0301537747577
0.0792034606702 0.030180828315
0.0793544323933 0.0302078567521
0.0795055391957 0.0302348600023
0.0796567809512 0.030261837999
0.0798081575335 0.0302887906756
0.0799596688157 0.0303157179657
0.0801113146707 0.0303426198028
0.0802630949712 0.0303694961204
0.0804150095893 0.0303963468524
0.0805670583969 0.0304231719324
0.0807192412657 0.0304499712943
0.0808715580669 0.0304767448719
0.0810240086714 0.0305034925992
0.0811765929497 0.0305302144102
0.0813293107722 0.0305569102389
0.0814821620087 0.0305835800195
0.0816351465288 0.0306102236861
0.0817882642019 0.0306368411731
0.0819415148968 0.0306634324147
0.0820948984822 0.0306899973454
0.0822484148263 0.0307165358996
0.0824020637971 0.0307430480118
0.0825558452623 0.0307695336165
0.082709759089 0.0307959926486
0.0828638051444 0.0308224250425
0.0830179832949 0.0308488307333
0.0831722934071 0.0308752096556
0.0833267353468 0.0309015617444
0.0834813089797 0.0309278869347
0.0836360141712 0.0309541851615
0.0837908507863 0.03098045636
0.0839458186896 0.0310067004652
0.0841009177456 0.0310329174126
0.0842561478184 0.0310591071373
0.0844115087715 0.0310852695747
0.0845670004685 0.0311114046604
0.0847226227725 0.0311375123298
0.084878375546 0.0311635925184
0.0850342586517 0.031189645162
0.0851902719516 0.0312156701963
0.0853464153076 0.031241667557
0.085502688581 0.0312676371801
0.085659091633 0.0312935790013
0.0858156243246 0.0313194929568
0.0859722865161 0.0313453789825
0.0861290780677 0.0313712370147
0.0862859988394 0.0313970669894
0.0864430486907 0.0314228688431
0.0866002274809 0.0314486425119
0.0867575350688 0.0314743879323
0.086914971313 0.0315001050409
0.0870725360719 0.031525793774
0.0872302292034 0.0315514540684
0.0873880505651 0.0315770858608
0.0875460000144 0.0316026890878
0.0877040774082 0.0316282636864
0.0878622826034 0.0316538095934
0.0880206154563 0.0316793267457
0.0881790758228 0.0317048150805
0.0883376635589 0.0317302745348
0.08849637852 0.0317557050458
0.088655220561 0.0317811065508
0.088814189537 0.0318064789871
0.0889732853024 0.0318318222921
0.0891325077113 0.0318571364032
0.0892918566176 0.031882421258
0.089451331875 0.0319076767942
0.0896109333366 0.0319329029493
0.0897706608554 0.0319580996612
0.089930514284 0.0319832668676
0.0900904934748 0.0320084045065
0.0902505982797 0.0320335125159
0.0904108285505 0.0320585908338
0.0905711841385 0.0320836393983
0.0907316648948 0.0321086581476
0.0908922706702 0.03213364702
0.0910530013151 0.0321586059539
0.0912138566797 0.0321835348876
0.0913748366139 0.0322084337596
0.0915359409671 0.0322333025086
0.0916971695886 0.0322581410731
0.0918585223274 0.0322829493918
0.092019999032 0.0323077274036
0.0921815995508 0.0323324750473
0.0923433237318 0.0323571922618
0.0925051714226 0.0323818789862
0.0926671424707 0.0324065351595
0.0928292367232 0.032431160721
0.0929914540268 0.0324557556098
0.0931537942281 0.0324803197652
0.0933162571732 0.0325048531267
0.0934788427079 0.0325293556337
0.093641550678 0.0325538272258
0.0938043809286 0.0325782678426
0.0939673333047 0.0326026774237
0.094130407651 0.032627055909
0.0942936038118 0.0326514032383
0.0944569216313 0.0326757193515
0.0946203609532 0.0327000041886
0.094783921621 0.0327242576897
0.0949476034778 0.032748479795
0.0951114063665 0.0327726704446
0.0952753301297 0.032796829579
0.0954393746097 0.0328209571385
0.0956035396484 0.0328450530635
0.0957678250875 0.0328691172947
0.0959322307684 0.0328931497726
0.0960967565322 0.0329171504379
0.0962614022197 0.0329411192314
0.0964261676713 0.032965056094
0.0965910527273 0.0329889609666
0.0967560572275 0.0330128337902
0.0969211810117 0.033036674506
0.097086423919 0.0330604830551
0.0972517857885 0.0330842593787
0.097417266459 0.0331080034182
0.0975828657688 0.0331317151151
0.0977485835561 0.0331553944107
0.0979144196588 0.0331790412467
0.0980803739144 0.0332026555647
0.0982464461601 0.0332262373065
0.0984126362331 0.0332497864138
0.0985789439698 0.0332733028286
0.0987453692068 0.0332967864929
0.09891191178 0.0333202373487
0.0990785715255 0.0333436553381
0.0992453482786 0.0333670404034
0.0994122418745 0.0333903924868
0.0995792521484 0.0334137115307
0.0997463789347 0.0334369974777
0.0999136220679 0.0334602502702
0.100080981382 0.0334834698509
0.100248456711 0.0335066561624
0.100416047888 0.0335298091476
0.100583754747 0.0335529287494
0.10075157712 0.0335760149107
0.10091951484 0.0335990675744
0.10108756774 0.0336220866839
0.101255735651 0.0336450721822
0.101424018405 0.0336680240126
0.101592415835 0.0336909421186
0.10176092777 0.0337138264435
0.101929554043 0.0337366769309
0.102098294483 0.0337594935244
0.102267148921 0.0337822761677
0.102436117188 0.0338050248047
0.102605199113 0.0338277393791
0.102774394525 0.0338504198349
0.102943703254 0.0338730661163
0.103113125129 0.0338956781672
0.103282659979 0.0339182559318
0.103452307631 0.0339407993546
0.103622067915 0.0339633083799
0.103791940658 0.033985782952
0.103961925687 0.0340082230157
0.10413202283 0.0340306285154
0.104302231914 0.034052999396
0.104472552766 0.0340753356022
0.104642985213 0.0340976370788
0.104813529079 0.034119903771
0.104984184192 0.0341421356237
0.105154950377 0.0341643325821
0.10532582746 0.0341864945914
0.105496815265 0.034208621597
0.105667913617 0.0342307135442
0.105839122342 0.0342527703785
0.106010441262 0.0342747920455
0.106181870203 0.0342967784909
0.106353408989 0.0343187296604
0.106525057441 0.0343406454999
0.106696815385 0.0343625259553
0.106868682642 0.0343843709725
0.107040659035 0.0344061804978
0.107212744387 0.0344279544772
0.107384938521 0.0344496928571
0.107557241257 0.0344713955838
0.107729652417 0.0344930626037
0.107902171823 0.0345146938635
0.108074799296 0.0345362893097
0.108247534656 0.0345578488891
0.108420377725 0.0345793725484
0.108593328322 0.0346008602346
0.108766386267 0.0346223118946
0.108939551381 0.0346437274755
0.109112823482 0.0346651069245
0.10928620239 0.0346864501887
0.109459687923 0.0347077572156
0.109633279901 0.0347290279526
0.109806978142 0.0347502623472
0.109980782464 0.0347714603469
0.110154692685 0.0347926218996
0.110328708622 0.0348137469529
0.110502830093 0.0348348354548
0.110677056916 0.0348558873532
0.110851388906 0.0348769025961
0.111025825881 0.0348978811318
0.111200367656 0.0349188229085
0.111375014048 0.0349397278744
0.111549764873 0.0349605959781
0.111724619947 0.0349814271679
0.111899579083 0.0350022213926
0.112074642099 0.0350229786008
0.112249808808 0.0350436987413
0.112425079024 0.0350643817629
0.112600452563 0.0350850276147
0.112775929238 0.0351056362457
0.112951508864 0.035126207605
0.113127191252 0.0351467416419
0.113302976218 0.0351672383058
0.113478863573 0.035187697546
0.113654853131 0.035208119312
0.113830944704 0.0352285035535
0.114007138104 0.0352488502202
0.114183433143 0.0352691592619
0.114359829633 0.0352894306285
0.114536327386 0.0353096642699
0.114712926213 0.0353298601362
0.114889625925 0.0353500181776
0.115066426332 0.0353701383444
0.115243327245 0.0353902205869
0.115420328474 0.0354102648555
0.11559742983 0.0354302711009
0.115774631122 0.0354502392736
0.115951932159 0.0354701693243
0.116129332752 0.035490061204
0.116306832708 0.0355099148634
0.116484431836 0.0355297302537
0.116662129946 0.035549507326
0.116839926846 0.0355692460313
0.117017822343 0.0355889463211
0.117195816245 0.0356086081468
0.11737390836 0.0356282314597
0.117552098495 0.0356478162115
0.117730386458 0.0356673623539
0.117908772054 0.0356868698387
0.118087255092 0.0357063386176
0.118265835376 0.0357257686427
0.118444512713 0.0357451598661
0.11862328691 0.0357645122398
0.118802157771 0.0357838257162
0.118981125102 0.0358031002475
0.119160188708 0.0358223357863
0.119339348395 0.035841532285
0.119518603966 0.0358606896963
0.119697955227 0.035879807973
0.119877401981 0.0358988870678
0.120056944032 0.0359179269336
0.120236581184 0.0359369275236
0.120416313242 0.0359558887908
0.120596140007 0.0359748106884
0.120776061283 0.0359936931697
0.120956076873 0.0360125361883
0.121136186579 0.0360313396974
0.121316390204 0.0360501036508
0.121496687549 0.0360688280022
0.121677078418 0.0360875127054
0.12185756261 0.0361061577142
0.122038139929 0.0361247629827
0.122218810174 0.0361433284649
0.122399573147 0.0361618541151
0.122580428648 0.0361803398875
0.122761376479 0.0361987857365
0.122942416439 0.0362171916166
0.123123548329 0.0362355574825
0.123304771947 0.0362538832887
0.123486087095 0.03627216899
0.12366749357 0.0362904145414
0.123848991173 0.0363086198978
0.124030579702 0.0363267850143
0.124212258956 0.0363449098461
0.124394028733 0.0363629943485
0.124575888832 0.0363810384768
0.124757839051 0.0363990421865
0.124939879187 0.0364170054332
0.125122009038 0.0364349281726
0.125304228401 0.0364528103604
0.125486537074 0.0364706519526
0.125668934853 0.036488452905
0.125851421535 0.0365062131739
0.126033996917 0.0365239327153
0.126216660794 0.0365416114855
0.126399412963 0.0365592494409
0.12658225322 0.0365768465381
0.126765181361 0.0365944027335
0.126948197179 0.0366119179839
0.127131300472 0.0366293922461
0.127314491033 0.0366468254768
0.127497768658 0.0366642176332
0.127681133141 0.0366815686723
0.127864584277 0.0366988785512
0.128048121858 0.0367161472274
0.12823174568 0.0367333746581
0.128415455536 0.0367505608008
0.128599251219 0.0367677056133
0.128783132523 0.036784809053
0.128967099241 0.036801871078
0.129151151165 0.036818891646
0.129335288088 0.036835870715
0.129519509803 0.0368528082432
0.129703816101 0.0368697041888
0.129888206775 0.03688655851
0.130072681617 0.0369033711654
0.130257240417 0.0369201421134
0.130441882968 0.0369368713126
0.130626609061 0.0369535587217
0.130811418486 0.0369702042996
0.130996311034 0.0369868080053
0.131181286496 0.0370033697976
0.131366344662 0.0370198896359
0.131551485322 0.0370363674793
0.131736708267 0.0370528032871
0.131922013285 0.0370691970188
0.132107400167 0.037085548634
0.132292868701 0.0371018580923
0.132478418677 0.0371181253534
0.132664049884 0.0371343503773
0.132849762111 0.0371505331239
0.133035555145 0.0371666735532
0.133221428776 0.0371827716255
0.133407382791 0.037198827301
0.133593416978 0.0372148405401
0.133779531125 0.0372308113033
0.13396572502 0.0372467395511
0.13415199845 0.0372626252444
0.134338351202 0.0372784683439
0.134524783062 0.0372942688104
0.134711293819 0.0373100266051
0.134897883257 0.0373257416889
0.135084551164 0.0373414140233
0.135271297326 0.0373570435694
0.135458121529 0.0373726302888
0.135645023557 0.0373881741429
0.135832003198 0.0374036750934
0.136019060237 0.0374191331021
0.136206194458 0.0374345481308
0.136393405646 0.0374499201415
0.136580693587 0.0374652490962
0.136768058066 0.0374805349572
0.136955498865 0.0374957776867
0.13714301577 0.0375109772471
0.137330608566 0.0375261336009
0.137518277034 0.0375412467107
0.137706020961 0.0375563165392
0.137893840128 0.0375713430493
0.138081734319 0.0375863262038
0.138269703317 0.0376012659658
0.138457746906 0.0376161622985
0.138645864868 0.037631015165
0.138834056985 0.0376458245287
0.139022323041 0.0376605903531
0.139210662816 0.0376753126018
0.139399076094 0.0376899912384
0.139587562656 0.0377046262266
0.139776122283 0.0377192175305
0.139964754758 0.037733765114
0.140153459862 0.0377482689412
0.140342237375 0.0377627289763
0.140531087078 0.0377771451836
0.140720008753 0.0377915175276
0.14090900218 0.0378058459727
0.14109806714 0.0378201304838
0.141287203412 0.0378343710254
0.141476410777 0.0378485675625
0.141665689014 0.03786272006
0.141855037904 0.037876828483
0.142044457226 0.0378908927968
0.142233946758 0.0379049129665
0.142423506282 0.0379188889576
0.142613135574 0.0379328207357
0.142802834415 0.0379467082663
0.142992602583 0.0379605515152
0.143182439856 0.0379743504482
0.143372346014 0.0379881050313
0.143562320833 0.0380018152306
0.143752364092 0.0380154810121
0.143942475569 0.0380291023422
0.144132655041 0.0380426791874
0.144322902287 0.038056211514
0.144513217082 0.0380696992887
0.144703599205 0.0380831424782
0.144894048433 0.0380965410493
0.145084564541 0.0381098949691
0.145275147308 0.0381232042044
0.145465796509 0.0381364687226
0.14565651192 0.0381496884908
0.145847293319 0.0381628634765
0.14603814048 0.0381759936471
0.146229053181 0.0381890789703
0.146420031195 0.0382021194137
0.1466110743 0.0382151149452
0.14680218227 0.0382280655327
0.14699335488 0.0382409711443
0.147184591906 0.0382538317481
0.147375893123 0.0382666473123
0.147567258304 0.0382794178055
0.147758687226 0.038292143196
0.147950179661 0.0383048234524
0.148141735385 0.0383174585435
0.148333354171 0.0383300484381
0.148525035794 0.0383425931052
0.148716780027 0.0383550925137
0.148908586644 0.0383675466328
0.149100455418 0.0383799554319
0.149292386122 0.0383923188802
0.149484378531 0.0384046369473
0.149676432416 0.0384169096028
0.149868547551 0.0384291368164
0.150060723708 0.038441318558
0.150252960661 0.0384534547974
0.150445258181 0.0384655455048
0.15063761604 0.0384775906502
0.150830034011 0.0384895902041
0.151022511866 0.0385015441367
0.151215049376 0.0385134524186
0.151407646314 0.0385253150204
0.15160030245 0.0385371319128
0.151793017557 0.0385489030667
0.151985791405 0.038560628453
0.152178623765 0.0385723080428
0.152371514409 0.0385839418073
0.152564463107 0.0385955297178
0.152757469629 0.0386070717456
0.152950533748 0.0386185678623
0.153143655232 0.0386300180396
0.153336833851 0.0386414222492
0.153530069377 0.0386527804629
0.153723361579 0.0386640926527
0.153916710227 0.0386753587907
0.15411011509 0.0386865788491
0.154303575939 0.0386977528003
0.154497092542 0.0387088806166
0.154690664668 0.0387199622706
0.154884292087 0.038730997735
0.155077974568 0.0387419869824
0.15527171188 0.0387529299859
0.155465503791 0.0387638267184
0.15565935007 0.0387746771531
0.155853250485 0.0387854812631
0.156047204805 0.0387962390217
0.156241212798 0.0388069504025
0.156435274232 0.0388176153791
0.156629388875 0.038828233925
0.156823556494 0.0388388060142
0.157017776857 0.0388493316204
0.157212049733 0.0388598107179
0.157406374887 0.0388702432806
0.157600752088 0.0388806292828
0.157795181102 0.038890968699
0.157989661697 0.0389012615036
0.15818419364 0.0389115076712
0.158378776696 0.0389217071766
0.158573410633 0.0389318599945
0.158768095218 0.0389419660999
0.158962830217 0.0389520254679
0.159157615395 0.0389620380737
0.159352450519 0.0389720038925
0.159547335356 0.0389819228998
0.15974226967 0.0389917950711
0.159937253228 0.039001620382
0.160132285796 0.0390113988083
0.160327367138 0.0390211303259
0.160522497021 0.0390308149107
0.160717675209 0.0390404525389
0.160912901468 0.0390500431867
0.161108175563 0.0390595868303
0.161303497258 0.0390690834464
0.161498866319 0.0390785330113
0.16169428251 0.0390879355019
0.161889745595 0.0390972908949
0.16208525534 0.0391065991673
0.162280811508 0.039115860296
0.162476413864 0.0391250742582
0.162672062172 0.0391342410312
0.162867756196 0.0391433605923
0.1630634957 0.0391524329192
0.163259280446 0.0391614579892
0.163455110201 0.0391704357803
0.163650984725 0.0391793662703
0.163846903784 0.0391882494371
0.164042867141 0.0391970852588
0.164238874558 0.0392058737135
0.164434925799 0.0392146147797
0.164631020627 0.0392233084358
0.164827158804 0.0392319546602
0.165023340094 0.0392405534317
0.16521956426 0.0392491047291
0.165415831062 0.0392576085312
0.165612140266 0.039266064817
0.165808491631 0.0392744735658
0.166004884922 0.0392828347567
0.1662013199 0.0392911483692
0.166397796326 0.0392994143826
0.166594313964 0.0393076327767
0.166790872575 0.0393158035311
0.16698747192 0.0393239266256
0.167184111762 0.0393320020403
0.167380791861 0.0393400297552
0.16757751198 0.0393480097506
0.167774271879 0.0393559420066
0.16797107132 0.0393638265037
0.168167910064 0.0393716632226
0.168364787873 0.0393794521438
0.168561704506 0.0393871932481
0.168758659725 0.0393948865164
0.168955653291 0.0394025319298
0.169152684965 0.0394101294694
0.169349754506 0.0394176791164
0.169546861676 0.0394251808522
0.169744006235 0.0394326346583
0.169941187943 0.0394400405163
0.17013840656 0.039447398408
0.170335661847 0.0394547083151
0.170532953563 0.0394619702196
0.170730281469 0.0394691841037
0.170927645324 0.0394763499495
0.171125044889 0.0394834677394
0.171322479922 0.0394905374557
0.171519950183 0.0394975590811
0.171717455432 0.0395045325982
0.171914995429 0.0395114579898
0.172112569932 0.0395183352388
0.172310178701 0.0395251643282
0.172507821495 0.0395319452413
0.172705498073 0.0395386779612
0.172903208194 0.0395453624714
0.173100951617 0.0395519987553
0.173298728101 0.0395585867966
0.173496537405 0.0395651265791
0.173694379287 0.0395716180865
0.173892253505 0.0395780613029
0.174090159819 0.0395844562124
0.174288097987 0.0395908027992
0.174486067767 0.0395971010477
0.174684068917 0.0396033509422
0.174882101195 0.0396095524675
0.175080164361 0.0396157056081
0.175278258171 0.0396218103489
0.175476382383 0.0396278666748
0.175674536757 0.0396338745709
0.175872721048 0.0396398340224
0.176070935016 0.0396457450146
0.176269178418 0.0396516075328
0.176467451011 0.0396574215626
0.176665752553 0.0396631870898
0.176864082801 0.0396689040999
0.177062441513 0.039674572579
0.177260828446 0.039680192513
0.177459243357 0.0396857638881
0.177657686004 0.0396912866906
0.177856156143 0.0396967609067
0.178054653532 0.0397021865231
0.178253177927 0.0397075635263
0.178451729086 0.039712891903
0.178650306765 0.0397181716401
0.178848910721 0.0397234027246
0.179047540711 0.0397285851435
0.179246196492 0.0397337188842
0.179444877819 0.0397388039338
0.17964358445 0.0397438402799
0.17984231614 0.03974882791
0.180041072648 0.0397537668119
0.180239853727 0.0397586569733
0.180438659136 0.0397634983822
0.18063748863 0.0397682910266
0.180836341965 0.0397730348948
0.181035218898 0.0397777299749
0.181234119183 0.0397823762554
0.181433042579 0.0397869737249
0.181631988839 0.0397915223721
0.181830957721 0.0397960221856
0.18202994898 0.0398004731543
0.182228962371 0.0398048752674
0.182427997651 0.0398092285139
0.182627054575 0.0398135328832
0.182826132898 0.0398177883644
0.183025232377 0.0398219949473
0.183224352766 0.0398261526214
0.183423493822 0.0398302613764
0.183622655299 0.0398343212022
0.183821836952 0.0398383320888
0.184021038538 0.0398422940263
0.184220259811 0.0398462070049
0.184419500526 0.0398500710149
0.184618760439 0.0398538860469
0.184818039305 0.0398576520914
0.185017336879 0.0398613691391
0.185216652915 0.0398650371808
0.185415987169 0.0398686562076
0.185615339395 0.0398722262104
0.185814709349 0.0398757471805
0.186014096785 0.0398792191091
0.186213501458 0.0398826419877
0.186412923123 0.0398860158079
0.186612361535 0.0398893405614
0.186811816447 0.0398926162398
0.187011287615 0.0398958428352
0.187210774794 0.0398990203396
0.187410277737 0.0399021487452
0.187609796199 0.0399052280441
0.187809329935 0.0399082582289
0.1880088787 0.0399112392921
0.188208442246 0.0399141712262
0.18840802033 0.0399170540241
0.188607612705 0.0399198876787
0.188807219125 0.0399226721829
0.189006839345 0.0399254075299
0.189206473118 0.0399280937129
0.1894061202 0.0399307307253
0.189605780344 0.0399333185607
0.189805453304 0.0399358572125
0.190005138834 0.0399383466747
0.190204836688 0.0399407869409
0.190404546621 0.0399431780052
0.190604268386 0.0399455198617
0.190804001738 0.0399478125046
0.191003746429 0.0399500559283
0.191203502215 0.0399522501272
0.191403268849 0.0399543950959
0.191603046084 0.0399564908291
0.191802833675 0.0399585373217
0.192002631375 0.0399605345686
0.192202438938 0.0399624825648
0.192402256119 0.0399643813056
0.192602082669 0.0399662307862
0.192801918344 0.0399680310022
0.193001762897 0.039969781949
0.193201616082 0.0399714836224
0.193401477651 0.0399731360181
0.19360134736 0.0399747391321
0.193801224961 0.0399762929604
0.194001110207 0.0399777974992
0.194201002853 0.0399792527448
0.194400902653 0.0399806586936
0.194600809358 0.039982015342
0.194800722724 0.0399833226869
0.195000642503 0.0399845807248
0.195200568449 0.0399857894528
0.195400500315 0.0399869488679
0.195600437855 0.0399880589671
0.195800380823 0.0399891197478
0.196000328971 0.0399901312073
0.196200282053 0.0399910933432
0.196400239822 0.039992006153
0.196600202032 0.0399928696345
0.196800168436 0.0399936837857
0.197000138787 0.0399944486044
0.19720011284 0.0399951640887
0.197400090346 0.039995830237
0.19760007106 0.0399964470476
0.197800054734 0.0399970145189
0.198000041123 0.0399975326496
0.198200029979 0.0399980014384
0.198400021055 0.0399984208841
0.198600014105 0.0399987909856
0.198800008883 0.0399991117422
0.19900000514 0.0399993831529
0.199200002632 0.0399996052171
0.19940000111 0.0399997779343
0.199600000329 0.039999901304
0.199800000041 0.039999975326
