
1.9059092665e-05
0.0
-1.32444738483e-05
-1.03237180156e-05
7.29074308765e-05
0.0
5.99350169068e-05
9.86442501016e-06
1.73038370122e-05
2.37690637732e-05
2.55352624663e-05
3.4862976463e-05
2.71141507255e-05
3.62470163964e-05
5.19401437487e-05
6.89537700964e-05
5.7681427279e-05
5.39948377991e-05
5.76770544285e-05
0.000229486875469
0.000377456977731
0.000261493929429
0.000324295222526
0.00126963644288
0.0014832848683
0.00248261867091
0.00300923618488
0.00354182184674
0.00339785963297
0.00265425327234
0.00821069255471
0.00462694466114
0.00553926127031
0.00589111028239
0.00436647515744
0.00606391206384
0.00535718072206
0.0039155902341
0.00609550438821
0.00443771155551
0.00372267561033
0.00481355562806
0.00436375336722
0.00437600119039
0.00199084170163
0.00447124242783
0.00373143469915
0.00336328218691
0.00264710607007
0.00409998930991
0.00401062285528
0.00320832291618
0.00372379715554
0.00406883889809
0.00401748484001
0.00175453221891
0.0107237221673
0.0102448211983
0.00704454770312
0.00627354346216
0.0104483310133
0.00799387414008
0.00745838694274
0.00861111003906
0.00949444901198
0.00831686705351
0.00940446928144
0.0116334995255
0.00852584466338
0.0113402698189
0.0135785955936
0.0110660968348
0.0102349976078
0.0140348831192
0.0117279775441
0.0110492790118
0.0137327890843
0.0112294396386
0.00664839707315
0.0139461504295
0.00749533809721
0.0133150070906
0.00584483845159
0.0216326154768
0.0107577182353
0.0152379609644
0.0159763097763
0.0159245207906
0.0157513096929
0.0235420744866
0.0168685503304
0.016565548256
0.0287834275514
0.0163864456117
0.0214427225292
0.0196099765599
0.011050789617
0.0284162461758
0.0142722167075
0.0432372391224
0.0179223883897
0.0183287113905
0.0204991269857
0.018723808229
0.0183250494301
0.0165194533765
0.0240230411291
0.0218110047281
0.0166143830866
0.0211814735085
0.0262037403882
0.0176089480519
0.0287731084973
0.0157982669771
0.0281502716243
0.0219833776355
0.0174315851182
0.0272367075086
0.0203171446919
0.0087625971064
0.0578353330493
0.0212639477104
0.0211678575724
0.0173120871186
0.0253725163639
0.0186862964183
0.0288394466043
0.0235559344292
0.0197873860598
0.0307031068951
0.0208841226995
0.0299946330488
0.02339184843
0.0171395260841
0.0253948792815
0.0192050393671
0.0180819556117
0.0109977573156
0.00789737980813
0.00373293715529
0.00200025062077
0.000577820523176
-0.000148548075231
-0.000683695951011
-0.00160987849813
-0.00143925379962
-0.00277366163209
-0.00335034006275
-0.00287434691563
-0.00458374386653
-0.00275777210481
-0.00528285326436
-0.00408889260143
-0.00543780252337
-0.00767195224762
-0.00503248535097
-0.00513889407739
-0.00561548536643
-0.0030027939938
-0.00450907507911
-0.00358933769166
-0.00301935151219
-0.00281240977347
-0.00224120775238
-0.00221860781312
0.000610409886576
0.0116413068026
0.0388738512993
0.0627326965332
0.0855430960655
0.0831927880645
0.084661103785
0.149278372526
0.103110469878
0.112734794617
0.161529362202
0.135606169701
0.13166166842
0.185886055231
0.129694417119
0.156786680222
0.189749360085
0.0836970433593
0.26908415556
0.130558088422
0.0995953008533
0.245113924146
0.105197608471
0.123883731663
0.143945068121
0.0705752074718
0.10701983422
0.059888612479
0.0789482668042
0.0642288699746
0.0300357155502
0.177220672369
0.0530295222998
0.063527956605
0.0817559212446
0.070227086544
0.0651084408164
0.0633172467351
0.093194231391
0.0746481269598
0.107339926064
0.0557968094945
0.0806838274002
0.080116763711
0.108025275171
0.0519464202225
0.0812237635255
0.109532795846
0.0841186717153
0.0635860040784
0.0820469930768
0.112493023276
0.0600086860359
0.078188970685
0.110738500953
0.0517518110573
0.0923705771565
0.095372185111
0.0661752671003
0.0713547766209
0.128475084901
0.0416155122221
0.212428331375
0.052058391273
0.133003860712
0.0614561699331
0.0916474312544
0.0997134894133
0.0770563557744
0.086191996932
0.090194106102
0.074009552598
0.123925901949
0.0733917281032
0.0919719934464
0.104265347123
0.0861891955137
0.0695831105113
0.105163045228
0.0741229727864
0.0871059373021
0.127199575305
0.0756874084473
0.0744726955891
0.103606820107
0.089002892375
0.00652866950259
0.143583327532
0.0670525804162
0.0449255742133
0.0310038086027
0.0182362999767
0.00152111856733
-0.0143412509933
-0.0165042188019
-0.0616368316114
-0.104668080807
-0.062920473516
-0.117633998394
-0.0930213406682
-0.093524761498
-0.105475105345
-0.0920163542032
-0.136194080114
-0.101907409728
-0.0904321148992
-0.126827538013
-0.103181242943
-0.0844939425588
-0.122559331357
-0.091461956501
-0.0174414478242
-0.0174414478242
0.0498406514525
2.84318375587
0.205178141594
0.230333864689
0.206360757351
0.209271624684
0.180786445737
0.205691322684
0.27167853713
0.161309972405
0.271174311638
0.165413439274
0.200190648437
0.250768244267
0.192904531956
0.200120285153
0.138870120049
0.233123660088
0.0371880196035
0.0371880196035
0.187653496861
0.133006379008
0.0981786847115
0.15054769814
0.0975104123354
0.169832482934
0.124094299972
0.13515393436
0.134392157197
0.134728342295
0.132063210011
0.113002404571
0.178234994411
0.125194683671
0.100414901972
0.167522072792
0.125285476446
0.124301187694
0.105241648853
0.035248465836
0.263062268496
0.0900419428945
0.0803166478872
0.143682286143
0.0786618739367
0.116632625461
0.109212547541
0.0899434238672
0.0996754169464
0.178740277886
0.0932797044516
0.140918850899
0.179241776466
0.150258302689
0.179123327136
0.218302950263
0.194857284427
0.266554862261
0.18241558969
0.283466011286
0.265115410089
0.239257916808
0.306532412767
0.250220239162
0.310863047838
0.366942673922
0.25613322854
0.218143984675
0.343388527632
0.198052287102
0.333881765604
0.235042914748
0.162690579891
0.462183535099
0.0710532441735
0.401332378387
0.233291372657
0.188665419817
0.179339066148
0.210014626384
0.138116136193
0.161546096206
0.188175991178
0.150192320347
0.110493995249
0.21132928133
0.146366372705
0.13923406601
0.124782025814
0.206852152944
0.122563079
0.184757366776
0.113848745823
0.124459341168
0.124396070838
0.0890973359346
0.0801486000419
0.103890225291
0.0860853791237
0.074521958828
0.0649327933788
0.115397803485
0.0694070085883
0.102730996907
0.0854850113392
0.0895100980997
0.0785371884704
0.113005280495
0.0792877823114
0.0927532017231
0.0706596598029
0.0988772585988
0.0968659073114
0.0634381920099
0.085957787931
-0.00748932687566
-0.010007222183
-0.0085149211809
-0.00812795106322
-0.00674790283665
-0.00452472642064
-0.00304094399326
0.00269013782963
0.00936004612595
0.0131038930267
0.0216165129095
0.0502040758729
0.0411910153925
0.0261132642627
0.171191006899
0.0677165612578
0.129458397627
0.107409261167
0.11071472615
0.169789224863
0.118441283703
0.137308746576
0.145404458046
0.163907796144
0.139766812325
0.117550946772
0.193859159946
0.0960820615292
0.139734625816
0.0975792109966
0.225239425898
0.0923928394914
0.0977208539844
0.0649499669671
0.103254333138
0.05928632617
0.0874234512448
0.0693574100733
0.0575176551938
0.0549884065986
0.0518502891064
0.0475929230452
0.0378430336714
0.0530864521861
0.0421659499407
0.0296827498823
0.0452197864652
0.0335949286819
0.0344796478748
0.0263900905848
0.0319525524974
0.0431110188365
0.0335211642087
0.0358789600432
0.0388402566314
0.0415713861585
0.0524511635303
0.0354832299054
0.0520075075328
0.041764780879
0.0330259986222
0.0467885769904
0.0280022211373
0.032106526196
0.0389598011971
0.0214285869151
0.0265218876302
0.0249922890216
0.00955625623465
0.0417395867407
0.00825832318515
0.00548566924408
0.000652368355077
-0.000643869163468
-0.00103386770934
-0.00207483768463
-0.00276593700983
-0.00179532519542
-0.000135125563247
0.000911306706257
0.00557283265516
0.0137225594372
0.0215952955186
0.0454185269773
0.0835462734103
0.0410772487521
0.0648472085595
0.0727266296744
0.0645302385092
0.0548904538155
0.0743182897568
0.0572066530585
0.0444956868887
0.0648371204734
0.0297000259161
0.0363074168563
0.0299864038825
0.023006349802
0.0093925986439
0.0338395126164
0.0139163983986
0.00855380110443
0.0193635821342
0.0130414748564
0.0137210320681
0.0116337183863
0.0165032595396
0.0118596060202
0.013407677412
0.0196820925921
0.0116222733632
0.0200740862638
0.016893863678
0.0157042108476
0.00788618251681
0.0413003824651
0.0222606081516
0.0152683574706
0.0232849828899
0.0183490477502
0.0188966523856
0.0189812481403
0.0213819947094
0.0136737870052
0.0118711749092
0.0155896320939
0.00676691019908
0.0119472285733
0.0117690535262
0.00954903662205
0.00865291617811
0.0131823224947
0.00799002032727
0.0114602847025
0.012606356293
0.009242689237
0.00906169693917
0.0103769917041
0.00750016467646
0.0122244413942
0.00794427096844
0.0136380335316
0.010455316864
0.00968146882951
0.0103961024433
0.00972590502352
0.00886282231659
0.0078403968364
0.0104894181713
0.00784792751074
0.00845056120306
0.00558109302074
0.00369455548935
0.0046818498522
0.00396441062912
0.00287776533514
0.004984756466
0.00469415308908
0.0039092018269
0.00245242752135
0.00506732240319
0.0033973059617
0.00288629205897
0.00516329472885
0.0047064688988
0.0030088420026
0.00400374922901
0.00385579071008
0.00364572950639
0.00298201967962
0.00438106898218
0.00419210875407
0.00414496054873
0.00272507872432
0.00609710905701
0.0029453265015
0.00489742541686
0.00431428477168
0.00337967812084
0.00388546823524
0.00496317259967
0.00264799548313
0.00349357305095
0.00436516338959
0.00253648334183
0.00420027039945
0.00304658547975
0.00373514043167
0.0028829050716
0.00160112010781
0.00577857950702
0.00225041666999
0.0027631057892
0.00314019294456
0.00230449135415
0.00336623890325
0.00261486181989
0.00382935418747
0.00209205201827
0.00275325379334
0.00378604209982
0.00165771669708
0.00302528659813
0.00346984481439
0.0018463358283
0.00164763606153
0.00619465392083
0.00192125630565
0.0024080791045
0.000660697347485
3.41960185324e-05
6.95528797223e-05
0.000133178895339
0.000150699794176
0.000150990701513
9.33679621085e-05
0.000121061173559
7.79212205089e-05
0.000259003863903
