
9.9885866689e-08
0.0
-3.27809357259e-05
2.91727301374e-05
-3.82852776966e-05
3.072202162e-05
-2.98556024063e-05
0.0
3.93661284761e-05
-3.18451311614e-05
5.7987846958e-05
-3.93246918975e-05
-4.01442412112e-05
0.0
0.0
3.98828888137e-05
0.0
0.0
0.0
-5.59209511266e-05
4.42886266683e-05
0.0
0.0
0.0
-3.37489946105e-05
3.55028096237e-05
-3.08132075588e-05
3.03207034449e-05
0.0
0.0
-3.11107796733e-05
-1.91330600501e-05
4.51558371424e-05
0.0
0.0
-4.01485413022e-05
2.45808496402e-05
0.0
-4.04571510444e-05
3.09792449116e-05
0.0
-3.61519450962e-05
-2.01730381377e-05
2.98346330965e-05
-3.35761615133e-05
3.72733484255e-05
-4.2754552851e-05
1.46959587255e-06
3.0355184208e-05
-3.63913350157e-05
3.19813989336e-05
0.0
2.9513710615e-05
-3.05337562168e-05
-3.95619972551e-05
0.0
7.79440451879e-05
-7.89651603554e-05
0.0
2.41472389462e-05
0.0
-2.49934910244e-05
0.0
3.13903947244e-05
0.0
0.0
0.0
-3.85857129004e-05
0.0
3.06917390844e-05
-9.8506861832e-05
7.68073077779e-05
2.86250292447e-06
-0.000118763178762
8.91124946065e-05
-3.87698491977e-05
3.95578063035e-05
-2.00376744033e-05
-3.02446296701e-05
4.05493265134e-05
0.0
-3.18196453009e-06
3.91229623347e-05
0.0
0.0
0.0
0.0
0.0
0.0
0.0
0.0
-4.30072141171e-05
4.75627057313e-05
-3.92462388845e-05
0.0
-9.93302546703e-06
1.78574282472e-05
-3.11912699544e-05
0.0
3.01543295791e-05
-3.93288464693e-05
3.3381209505e-05
-5.46822775505e-05
1.49130255522e-05
3.87377149309e-05
-3.17855374306e-05
0.0
-1.57966201186e-06
1.82288185897e-05
4.06640538131e-05
2.62081939582e-05
-4.86750359414e-05
0.0
3.07321242872e-05
0.0
-2.89871713903e-05
3.06037763949e-05
0.0
0.0
0.0
0.0
0.0
-3.7551690184e-05
4.77166140627e-05
0.0
0.0
0.0
-3.41811646649e-05
1.96035580302e-05
-3.93371155951e-05
3.84309605579e-05
0.0
-3.91516587115e-05
0.0
-1.65418407505e-06
4.6539655159e-05
0.0
0.0
0.0
-2.72517063422e-05
0.0
6.04643682891e-05
-1.24945672724e-05
-2.86784097625e-06
3.95368915633e-05
-2.73434270639e-05
6.43482853775e-05
-0.000119561307656
5.73826873733e-05
0.0
0.0
-3.11055955535e-05
3.2498708606e-05
0.0
0.0
-3.04095228785e-05
0.0
0.0
3.67167122022e-05
0.0
3.88343141822e-05
-3.7014920963e-05
0.0
0.0
0.0
0.0
-5.75621970711e-06
2.71299686574e-05
0.0
3.90861387132e-05
-2.58455838775e-05
9.85219376162e-05
-9.87093590084e-05
4.57232272311e-05
0.0
0.0
-3.03502492898e-05
3.14114986395e-05
3.80475103157e-05
-7.97062239144e-05
0.0
7.79928232078e-05
-6.30136855762e-05
0.0
0.0
3.06539768644e-05
4.01787656301e-05
-2.87596303679e-05
0.0
-4.01226898248e-05
2.84400739474e-05
0.0
-3.79124103347e-05
2.56294260907e-05
0.0
0.0
-7.31317777536e-05
9.57983647822e-05
0.0
0.0
0.0
-9.81238626991e-05
9.71034314716e-05
-2.96518774121e-05
0.0
3.0739705835e-05
0.0
0.0
0.0
-5.94824232394e-05
1.53710425366e-05
3.87216496165e-05
-3.05063349515e-05
3.75278832507e-05
-2.87966395263e-06
2.87529946945e-05
-4.55744957435e-05
1.89524125744e-05
0.0
3.50565351255e-05
0.0
0.0
0.0
0.0
-3.90738823626e-05
7.43169221096e-05
-3.1144481909e-05
0.0
3.19322025462e-05
-2.9264110708e-05
0.0
0.0
0.0
-3.2296487916e-05
3.56178679795e-05
0.0
-3.10090649691e-06
3.83481383324e-05
-2.86869953925e-06
0.0
0.0
3.7889345549e-05
-2.94439560093e-05
-1.67082489497e-05
8.99543956621e-05
-2.985084393e-05
-3.14247081405e-05
3.70516099792e-05
-4.03741032642e-05
2.97108144878e-05
0.0
-3.29572794726e-05
2.78176758002e-05
0.0
-4.00667559006e-05
2.90751268039e-05
0.0
-3.50985792466e-05
3.71927999367e-05
0.0
0.0
0.0
0.0
0.0
0.0
3.2980555261e-05
-7.08777079126e-05
-1.93793493963e-05
0.0
4.70396917081e-05
0.0
-3.06892252411e-05
7.75075386628e-05
-4.02133482567e-05
-3.46279339283e-05
3.8673846575e-05
-3.88787593693e-05
3.73665207007e-05
0.0
-4.00581629947e-05
6.36414551991e-05
-3.45381304214e-05
-3.37672936439e-05
7.7919648902e-05
-9.30550522753e-05
1.51563936015e-05
2.90672142e-06
2.54098449659e-05
-7.80824557296e-05
0.0
3.68797591364e-05
0.0
0.0
0.0
-2.91750020551e-05
3.87336986023e-05
0.0
3.13377458951e-05
-3.9341259253e-05
3.90697932744e-05
-4.90230449941e-05
0.0
3.85857129004e-05
0.0
-3.28703208652e-05
3.68652072211e-05
0.0
0.0
0.0
0.0
-2.84463567368e-06
3.54724907083e-05
-4.0611019358e-05
2.95884929074e-05
0.0
0.0
0.0
0.0
-3.96375253331e-05
3.99810232921e-05
-2.95487152471e-05
4.00925528083e-05
0.0
-3.83063779736e-05
0.0
8.38422565721e-05
-7.18866212992e-05
3.15254510497e-05
0.0
3.09920906147e-05
-2.77639392152e-05
0.0
0.0
0.0
0.0
3.56722594006e-05
-3.10100949719e-05
0.0
-2.98460727208e-05
2.9684852052e-05
0.0
0.0
0.0
0.0
0.0
0.0
0.0
-3.87537802453e-05
2.89198742394e-05
0.0
0.0
0.0
-2.98999020742e-05
4.75667475257e-05
0.0
-3.6476583773e-05
3.89314191125e-05
0.0
0.0
-2.95417121379e-05
3.07371847157e-05
0.0
0.0
0.0
-2.97368223983e-05
3.83402657462e-05
0.0
-3.64169463865e-05
6.08287700743e-05
0.0
-7.55855726311e-05
6.02433865424e-05
3.2069216104e-05
-2.93054163194e-05
-3.92874862882e-05
0.000100677578303
-1.84249201993e-05
-2.95370391541e-05
0.0
0.0
3.08947310259e-05
-3.96291106881e-05
0.0
-5.98572878516e-05
6.07791662333e-05
0.0
3.77782671421e-05
-8.03057191661e-05
0.0
0.0
7.49955070205e-05
-3.14247154165e-05
0.0
3.02348362311e-05
-7.86659729783e-05
3.19458522426e-05
0.0
3.14035823976e-05
-3.64197039744e-05
0.0
0.0
3.62185128324e-05
-3.97429103032e-05
0.0
-5.64903166378e-05
6.03666849202e-05
0.0
0.0
0.0
0.0
0.0
0.0
0.0
0.0
-4.01442266593e-05
0.0
5.93838631175e-05
-8.10458877822e-05
3.10461618938e-05
-2.99009952869e-05
3.85618222936e-05
0.0
3.7210258597e-05
0.0
-3.82617654395e-05
0.0
0.0
0.0
3.97682888433e-05
-2.92320564768e-05
-2.74041826742e-06
3.56484451913e-05
-7.35523062758e-05
0.000137467039167
-8.08442928246e-05
-1.26409304357e-05
1.96073233383e-05
4.02306613978e-05
-4.45810546807e-05
4.79083537357e-05
-3.70663219655e-05
3.74939882022e-05
0.0
0.0
-3.85658022424e-05
3.07119153149e-05
0.0
4.02870391554e-05
-3.90800159948e-05
3.87056097679e-05
-4.03740923502e-05
3.05362518702e-05
2.99441198877e-05
-7.8451281297e-05
1.21886050692e-05
0.0
0.0
-3.7348974729e-05
5.75401754759e-05
0.0
0.0
-3.81251447834e-05
4.08105952374e-05
0.0
0.0
0.0
0.0
-2.89198742394e-05
3.15068427881e-05
0.0
-3.67311440641e-05
0.0
3.87899817724e-05
0.0
0.0
0.0
-5.95140118094e-05
4.33733694081e-05
0.0
0.0
0.0
-2.5933557481e-05
3.96922623622e-05
-5.56046761631e-05
3.87728468922e-05
-3.63913350157e-05
8.1674712419e-05
-5.86844544159e-05
3.92215188185e-05
0.0
0.0
-3.92833644582e-05
0.0
4.03915582865e-05
0.0
3.66518834198e-05
-7.8533688793e-05
6.14642485743e-05
0.0
-3.44998734363e-05
-2.19244702748e-05
-1.44003092828e-06
1.77116962732e-05
2.99681341858e-05
0.0
3.3669941331e-05
-3.57541721314e-05
0.0
0.0
-3.02691278193e-05
3.15121505992e-05
-5.809495633e-05
5.94761077082e-05
0.0
-3.06213260046e-05
8.06784591987e-05
-3.44966865669e-05
0.0
0.0
0.0
4.02480036428e-05
-6.13331067143e-05
6.10724891885e-05
0.0
-8.08442928246e-05
2.46083636739e-05
-2.91315654977e-06
7.47928861529e-05
0.0
-3.80049459636e-05
2.5053808713e-05
-2.97557617159e-05
-2.34590479522e-05
2.4850554837e-05
0.0
0.0
-2.99393195746e-05
3.24676548189e-05
3.53550203727e-05
-4.00882490794e-05
3.04541263176e-05
-3.11263283947e-05
-3.95326933358e-05
3.59987134289e-05
0.0
0.0
0.0
2.37512795138e-05
-3.96081231884e-05
3.98701158701e-05
0.0
-3.85459134122e-05
0.0
3.73515867977e-05
-8.42962399474e-05
9.17119832593e-05
0.0
-3.97217881982e-05
0.0
0.0
3.66195636161e-05
0.0
-4.00839453505e-05
0.0
3.99468408432e-05
-4.06419385399e-05
0.0
0.0
0.0
3.98488737119e-05
-2.64680638793e-05
-3.87658365071e-05
3.29808426613e-06
0.0
0.0
3.5843335354e-05
-4.01011493523e-05
0.0
0.0
4.7830875701e-05
0.0
-3.70039197151e-05
4.03479461966e-05
0.0
0.0
-2.45840801654e-05
-3.69427107216e-05
5.68225441384e-05
0.0
0.0
3.1769330235e-05
-6.13683660049e-05
7.79602851253e-05
0.0
-3.78433069272e-05
4.0183072997e-05
-3.19458595186e-05
0.0
0.0
0.0
0.0
3.33127718477e-05
-4.78369838675e-05
0.0
0.0
0.0
3.08615562972e-05
-3.87096224586e-05
0.0
0.0
0.0
3.7679237721e-05
-4.11838882428e-05
2.48356918746e-05
-7.82459246693e-05
8.03229922894e-05
0.0
-3.74451519747e-05
0.0
0.0
0.0
0.0
3.28789938067e-05
-3.60403792001e-05
-3.15148099617e-05
2.84834277409e-05
0.0
0.0
2.61367058556e-05
-7.47180893086e-05
0.0
3.0108170904e-05
0.0
0.0
0.0
0.0
-2.35611023527e-05
2.7305466574e-05
-3.34499382006e-05
3.64339066437e-05
3.23244239553e-05
-3.69453846361e-05
3.85022394767e-05
-4.0226328565e-05
0.0
0.0
0.0
0.0
3.63311846741e-05
-4.00152675866e-05
0.0
0.0
0.0
-2.58742238657e-05
9.66562874964e-05
2.00151498575e-05
-1.789334965e-05
-3.26406370732e-05
0.0
3.02789358102e-05
0.0
0.0
0.0
-2.99705388898e-05
3.57404933311e-05
-3.94700764446e-05
3.19677201333e-05
0.0
-3.94117887481e-05
0.0
0.0
0.0
2.85312726191e-05
-2.98627637676e-05
0.0
0.0
0.0
0.0
0.0
3.18641432386e-05
0.0
-3.83442020393e-05
0.0
-2.39230921579e-05
7.71475388319e-05
0.0
-3.0859006074e-05
-3.84546910936e-05
3.34828982886e-05
2.75958245766e-05
-3.29805443471e-05
0.0
0.0
0.0
0.0
2.93146094918e-05
1.61001571541e-05
-5.814920587e-05
0.0
-3.84191116609e-05
3.14405624522e-05
3.73031180061e-05
-3.08998423861e-05
0.0
0.0
0.0
0.0
0.0
0.0
3.92132824345e-05
-3.20609651681e-05
2.9330718462e-05
-3.8915193727e-05
3.99981399823e-05
0.0
-3.10203904519e-05
3.60091144103e-05
-2.80136896436e-06
3.71510686819e-05
0.0
0.0
0.0
0.0
-2.55191662291e-05
0.0
3.32937725034e-06
-3.03996293951e-05
0.0
0.0
0.0
3.62114915333e-05
-9.19702724786e-05
9.64813370956e-05
0.0
2.99705388898e-05
-3.93785703636e-05
0.0
2.94880992442e-05
0.0
-2.41222951445e-05
0.0
2.86399472316e-06
-3.99682030547e-05
-2.72954948741e-05
3.30798138748e-05
0.0
3.57302451448e-05
-3.13088639814e-05
3.9662769268e-05
-7.78664907557e-05
4.42466589448e-05
3.93288464693e-05
-3.94159469579e-05
3.68943219655e-05
-3.08692106046e-05
-4.62783063995e-05
3.03402230202e-05
0.0
4.00152821385e-05
-3.59848381777e-05
0.0
0.0
0.0
0.0
0.0
0.0
0.0
0.0
0.0
3.97471521865e-05
-2.45517767326e-05
3.93122863898e-05
-4.05977880291e-05
3.08717608277e-05
-3.9012695197e-05
4.03610138164e-05
0.0
-3.11678595608e-05
4.02783625759e-05
-4.07127881772e-05
0.0
0.0
8.93264514161e-05
-0.000100353092421
0.0
9.99130134005e-05
-9.91704364424e-05
9.13442927413e-05
-4.53018474218e-05
-2.77914023172e-06
0.0
3.96796094719e-05
-4.04002821597e-05
2.93652847176e-05
0.0
0.0
-3.0254423109e-05
1.64709090313e-05
-1.94216918317e-05
3.6299436033e-05
-2.96683519991e-05
0.0
3.91680696339e-05
-3.12225456582e-05
3.24648317473e-05
1.73705466295e-05
-6.00239909545e-05
2.99801540677e-05
0.0
0.0
0.0
-3.9012706111e-05
0.0
0.0
3.94659036829e-05
0.0
-2.90096741082e-05
3.980216934e-05
0.0
0.0
0.0
-3.87899817724e-05
3.03280830849e-05
-3.12617157761e-05
0.0
5.35483923159e-05
-1.51158919834e-05
0.0
0.0
-2.58635591308e-05
0.0
0.0
3.07675472868e-05
-3.26520421368e-05
-5.68975374335e-05
2.02694136533e-05
4.96318061778e-05
0.0
0.0
0.0
0.0
-3.59813820978e-05
0.0
0.0
0.0
0.0
3.06313631881e-05
-2.96707094094e-05
0.0
4.07438492402e-05
-2.48027245107e-05
0.0
3.92586007365e-05
-3.06866968458e-05
3.86295905628e-05
-3.06012589135e-05
0.0
4.72738211101e-05
-9.40241516219e-05
0.000122070894577
0.0
0.0
-3.67672837456e-05
2.63207966782e-05
-1.89369457075e-05
1.95322572836e-05
-3.06188157992e-05
0.0
3.9299888158e-05
-3.61239908671e-05
2.61020159087e-05
0.0
0.0
-5.91488824284e-05
3.96964824176e-05
3.99297568947e-05
0.0
-3.8959824451e-05
0.0
4.01097604481e-05
0.0
0.0
0.0
0.0
-3.90616332879e-05
2.78537504528e-06
0.0
-0.00010059082706
7.62581912568e-05
-3.93578302464e-05
3.970913167e-05
0.0
0.0
0.0
0.0
0.0
-3.87336840504e-05
0.0
0.0
3.98233896703e-05
1.58769598784e-05
-4.56190100522e-05
3.94201088056e-05
-3.07523550873e-05
3.59018813469e-05
4.64009208372e-05
-7.90393096395e-05
3.97937001253e-05
-2.7967565984e-05
2.92948448077e-06
-4.04878264817e-05
0.0
3.03059496218e-05
-4.01054530812e-05
-1.80952265509e-05
6.64874414724e-06
-3.05287649098e-05
4.80646413052e-05
-2.64680693363e-05
3.85817293136e-05
0.0
-3.5839897464e-05
0.0
3.97133408114e-05
-4.02003752242e-05
2.45970295509e-05
-3.94658927689e-05
0.0
2.99249331874e-05
-3.3197360608e-05
3.61834463547e-05
-3.10978321068e-05
0.0
0.0
-3.83798324037e-05
9.50820904109e-05
1.58906095749e-06
-7.15414134902e-05
2.51702458627e-05
0.0
0.0
0.0
-3.13403688779e-05
3.58089891961e-05
0.0
0.0
0.0
-3.05912399199e-05
3.109006866e-05
0.0
-3.76374919142e-05
0.0
3.90330824303e-05
-3.98318734369e-05
2.8197588108e-05
-3.24873981299e-05
3.98616175517e-05
-1.49536674598e-06
2.40539775405e-05
-3.05562243739e-05
0.0
0.0
5.58986430406e-05
-4.26244805567e-05
0.0
3.25309565596e-06
0.0
0.0
0.0
-3.92709844164e-05
3.04070454149e-05
-3.65086561942e-05
0.0
0.0
2.98389186355e-05
-3.34319702233e-05
0.0
3.10538998747e-05
-3.85896892112e-05
0.0
0.0
2.89243525913e-05
-1.96540768229e-05
0.0
0.0
3.89192500734e-05
0.0
0.0
-3.13272394123e-05
0.0
2.97747319564e-05
0.0
-6.6690931817e-06
0.000141245182022
-4.4931366574e-05
0.0
-1.98136822291e-05
-1.54716817633e-05
3.61030470231e-05
5.82761822443e-05
0.0
-5.80107625865e-05
-3.97852236347e-05
3.0696784961e-05
-2.93028847409e-06
0.0
3.02348362311e-05
0.0
1.93773375941e-05
-5.42429552297e-05
2.64138107013e-05
-3.9411799662e-05
3.96375253331e-05
0.0
0.0
0.0
-6.11624564044e-05
7.87129465607e-05
-1.77470574272e-05
0.0
-2.97013702948e-05
3.16831356031e-05
-4.01356119255e-05
2.9658935091e-05
0.0
0.0
0.0
-2.96730740956e-05
0.0
2.92480672215e-05
5.93438526266e-05
-7.6570751844e-05
7.82251518103e-05
-5.58318024559e-05
0.0
-3.96585564886e-05
3.02666740026e-05
4.8019188398e-05
-9.8657234048e-05
3.62923819921e-05
0.0
-3.83009828511e-05
8.88928989298e-05
-3.87032123399e-05
-3.82421894756e-05
4.05317368859e-05
-6.04061424383e-05
7.6445263403e-05
0.0
-3.56552409357e-05
0.0
3.94992712245e-05
0.0
-4.02740188292e-05
2.5682260457e-05
-3.68179971701e-05
3.93040245399e-05
-2.99585244647e-05
3.93081463699e-05
0.0
-4.82010218548e-05
0.0
3.97852236347e-05
0.0
-3.14771159537e-06
0.0
9.93497669697e-05
-9.96040180326e-05
2.46440686169e-05
0.0
0.0
-2.86823778879e-05
0.0
3.92874972022e-05
0.0
4.30494992543e-06
-2.38715219893e-05
-2.65093731286e-05
3.55298107024e-05
-3.08692106046e-05
3.06539768644e-05
-3.11678595608e-05
3.98573647544e-05
0.0
0.0
0.0
0.0
-2.56153671216e-05
0.0
3.08564558509e-05
0.0
0.0
-3.86615574826e-05
2.04533225769e-05
0.0
1.94398980966e-05
-4.13753914472e-05
1.23470872495e-05
-3.86495667044e-05
2.7862472507e-06
0.0
0.0
0.0
-3.04442037304e-05
0.0
3.91025059798e-05
-2.51313140325e-05
0.0
4.00495700887e-05
-3.77210781153e-05
1.99606129172e-05
4.78224937979e-05
-4.59557122667e-05
4.42956225015e-05
-9.78715979727e-05
3.23697781823e-06
0.0
5.7700148318e-05
-9.90022890619e-05
3.94450762542e-05
0.0
-3.06087858917e-05
7.01882709109e-06
-4.49349608971e-05
-3.94034832425e-05
0.0
0.0
3.19103928632e-05
6.01593164902e-05
-0.000104807579191
0.000136015529279
-9.98595714918e-05
3.65908817912e-05
-2.92457843898e-05
3.97344665544e-05
0.0
0.0
-3.21555899063e-06
0.0
3.98999072786e-05
0.0
0.0
0.0
-3.0488918128e-05
3.05912399199e-05
0.0
0.0
0.0
0.0
0.0
-2.94509136438e-05
3.25752007484e-05
-3.64836996596e-05
3.03330089082e-05
3.49780821125e-05
-9.99771873467e-05
0.0
3.05812282022e-05
0.0
-2.91454252874e-05
3.89435881516e-05
0.0
0.0
0.0
5.99918603257e-05
-3.8984198909e-05
-1.45288604472e-05
0.0
0.0
0.0
0.0
-1.14872318591e-05
2.40741246671e-05
-3.9938295231e-05
3.03502492898e-05
1.63368586072e-05
-1.95110042114e-05
0.0
0.0
-4.05757455155e-05
0.0
0.0
3.88262524211e-05
0.0
0.0
-3.06539768644e-05
3.73478505935e-05
0.0
0.0
5.61506931263e-05
-6.08980517427e-05
0.0
4.54414475826e-05
-5.67995084566e-05
-2.67474956672e-06
3.77782671421e-05
0.0
0.0
-3.072202162e-05
9.71994159045e-05
0.0
-5.89319533901e-05
-3.97767471441e-05
4.02393307013e-05
-2.41925681621e-05
3.94284325012e-05
-3.39884136338e-05
4.46165613539e-05
-5.87527720199e-05
8.98159923963e-05
-3.11133699142e-05
-5.63879875699e-05
4.01183788199e-05
0.0
4.57792557427e-05
-7.55427900003e-05
3.93827067455e-05
0.0
4.28900284533e-06
-5.80287778575e-05
0.0
0.0
-3.93164227717e-05
3.16804580507e-05
-3.16402147291e-05
3.97725234507e-05
0.0
-2.86208651232e-05
0.0
3.8641570427e-05
0.0
4.52104723081e-05
-7.97138272901e-05
3.58570905519e-05
-3.05712237605e-05
0.0
8.55233884067e-05
-7.29951934773e-05
4.63652168037e-06
-9.31013928493e-05
3.15920769935e-05
4.5768043492e-05
-4.35354468209e-06
0.0
0.0
0.0
0.0
0.0
-1.9531838916e-05
3.05887369905e-05
0.0
-2.94857709378e-05
5.88638540648e-05
-6.07725705777e-05
2.51127366937e-05
0.0
-2.96636462735e-05
2.97462884191e-05
5.93815711909e-05
-0.00010005212971
0.0
3.25411565427e-05
4.71624252896e-06
0.0
0.0
-2.88271639874e-05
3.1826959912e-06
5.95582969254e-05
-5.83186447329e-05
0.0
0.0
0.0
0.0
0.0
0.0
-3.1675084756e-05
0.0
0.0
4.00109965994e-05
0.0
-3.01494674204e-05
8.00279740361e-05
-5.72637691221e-05
3.10152463499e-05
-3.9304009988e-05
0.0
2.49234781222e-05
4.85731789013e-06
-5.48052739759e-05
5.98061706114e-05
-6.67080803396e-06
0.000100949597254
0.0
-5.97551588726e-05
0.0
0.0
0.0
-3.98701158701e-05
3.98786323785e-05
6.15968456259e-05
-0.000138266608701
7.99252593424e-05
-4.4166456064e-05
5.71645359742e-05
-5.90002091485e-05
4.76476379845e-05
-5.49342112208e-05
0.0
0.0
0.0
0.0
0.0
0.0
0.0
1.67052621691e-05
-1.8790260583e-05
-3.12486517942e-05
0.000100137920526
-0.000126039827592
5.92473516008e-05
-3.87658365071e-05
3.40969563695e-05
5.51993580302e-05
-4.56152920378e-05
-7.2832328442e-05
0.000139691212098
0.0
-5.96915087954e-05
0.0
0.0
0.0
-3.29311442329e-05
0.000100699304312
-4.21531440224e-05
0.0
0.0
0.0
4.36837535744e-06
-3.27349880536e-05
-1.78148020495e-05
4.50288425782e-05
-8.57196064317e-05
0.000119540120068
0.0
-4.7822479246e-05
0.0
0.0
0.0
0.0
0.0
0.0
0.0
5.98892729613e-05
-3.74188020942e-05
0.0
5.13125087309e-05
-4.196061127e-05
0.0
0.0
-3.76109710487e-05
7.79574693297e-05
-1.62500782608e-05
4.70081286039e-05
-9.20645179576e-05
3.00669853459e-05
0.0
4.94296509714e-05
-7.21085743862e-05
1.5611129129e-05
4.71703679068e-05
-5.91246898693e-05
4.70420673082e-06
-4.91306273034e-05
0.0
0.0
0.0
0.0
5.95646306465e-05
0.0
-9.8015399999e-05
9.92864006548e-05
-6.36211989331e-05
3.90698078263e-05
-3.97471412725e-05
0.0
1.3208306882e-05
-3.0843730201e-05
3.73852126359e-05
-3.0215282095e-05
0.000102186473669
-4.48881728516e-05
0.0
0.0
0.0
0.0
4.60921637568e-06
-6.02757645538e-05
0.0
0.0
0.0
-2.84617399302e-05
8.26259783935e-05
0.0
-5.54506041226e-05
-3.13167402055e-05
9.72804191406e-05
-5.5270127632e-05
-3.074983033e-05
3.90657078242e-05
4.29123610957e-06
0.0
0.0
0.0
-5.49396027054e-05
5.04259769514e-05
-5.58874853596e-05
4.69254737254e-05
-8.81629457581e-05
8.54686295497e-05
-7.52022024244e-05
8.83882021299e-05
-6.08782102063e-05
1.89006059372e-05
-1.30127773446e-05
4.96591746924e-06
-3.07472982968e-05
3.03477827401e-05
0.0
-5.80227642786e-05
2.65408707492e-05
-5.66158669244e-05
-3.97682888433e-05
9.27685468923e-05
-1.85742119356e-05
0.0
0.0
0.0
5.58485044166e-05
0.0
3.07117370539e-05
-0.000100858349469
4.35588008258e-05
-5.86973874306e-05
0.0
0.0
0.0
0.0
0.0
0.0
0.0
5.89009796386e-05
-3.63178187399e-05
0.0
0.0
-3.61379607057e-05
3.0112296372e-06
4.2615070015e-06
-3.87085710827e-05
0.0
6.07133151789e-05
-4.57157730125e-05
0.0
0.0
0.0
4.83548210468e-05
-5.65701520827e-05
4.57568239653e-05
-4.74138287245e-05
5.39920838492e-05
-5.96026256972e-05
1.538624565e-05
-1.95703214558e-05
0.0
0.0
0.0
9.67111918726e-05
-0.000120391276141
9.51287001953e-05
-9.78872849373e-05
0.0
0.0
0.0
0.0
0.0
0.0
0.0
2.40754834522e-05
2.57441843132e-05
-5.87959330005e-05
0.0
4.08115847677e-05
-3.87537693314e-05
3.36881566909e-05
-7.00687451172e-05
7.85805095802e-05
0.0
0.0
0.0
0.0
-4.58954891656e-05
5.44485010323e-05
-5.07180666318e-05
5.78669751121e-05
-4.3222833483e-05
5.90126219322e-05
0.0
-3.94414382754e-05
0.0
0.0
4.27056802437e-05
-3.77973738068e-05
3.31267256115e-05
0.0
-4.6027427743e-05
0.0
5.82580141781e-05
0.0
-3.8673835661e-05
5.91683965467e-05
-4.38108036178e-05
0.0
5.91246898693e-05
-5.57041785214e-05
4.68039725092e-05
0.0
0.0
-4.75344750157e-05
4.67766185466e-05
-5.47517265659e-05
0.0
0.0
4.46129961347e-05
-5.93941658735e-05
0.0
5.36612096766e-05
-4.74379012303e-05
4.67961508548e-05
-9.28054359974e-05
7.52809864935e-05
-4.63012402179e-05
0.0
0.0
0.0
0.0
-2.42035384872e-05
3.9938295231e-05
0.0
3.92205984099e-05
0.0
-5.33698948857e-05
0.0
4.85714963361e-06
0.0
-5.23870112374e-05
3.8350939576e-05
0.0
-6.0483958805e-05
0.0
0.0
-3.95285242121e-05
3.6662666389e-05
0.0
-3.99425662181e-05
7.68985337345e-05
-4.59218208562e-05
5.95076853642e-05
0.0
-6.17162804701e-05
-2.99753501167e-05
3.12564916385e-05
0.0
0.0
4.69019068987e-05
-5.84951812925e-05
5.44537942915e-05
0.0
-4.06661729357e-06
0.0
0.0
0.0
0.0
1.97212430066e-05
-1.65000255947e-05
0.0
0.0
0.0
4.69411825179e-05
0.0
-4.83882176923e-05
5.9953348682e-05
-4.43061253463e-05
4.45668738394e-05
-5.92184296693e-05
2.97680726362e-05
-9.83041900326e-05
9.9657154351e-05
-3.70428351744e-05
0.0
5.92622564e-05
0.0
0.0
-4.85647615278e-06
5.67534771108e-05
0.0
-4.66131932626e-05
6.02433865424e-05
-4.49349608971e-05
5.89567680436e-05
-6.02304280619e-05
6.09709386481e-05
-3.70673296857e-05
0.0
7.29381499696e-05
0.0
-3.94492417399e-05
3.14988683385e-05
-5.44590729987e-05
0.0
4.64817385364e-05
-6.03536936978e-05
0.0
0.0
0.0
-3.78624790756e-05
7.13762392479e-06
-4.64778931928e-05
4.65396442451e-05
-5.83065193496e-05
5.93627046328e-05
0.0
0.0
-5.78968902119e-05
0.000101826233731
-3.24288066622e-06
-4.35689580627e-05
5.96026256972e-05
0.0
-2.59125099547e-05
5.91809002799e-05
0.0
0.0
-5.90810668655e-05
5.97169673711e-05
0.0
-5.51125122001e-05
5.98700644332e-05
0.0
-8.54217287269e-05
7.40011228118e-06
0.0
-4.35587899119e-05
5.89753726672e-05
-6.05296991125e-05
1.57125923579e-05
-9.76570936473e-06
5.95076853642e-05
0.0
-3.00331648759e-05
-1.98766283575e-05
7.80463524279e-05
-3.64718689525e-05
0.0
0.0
0.0
0.0
0.0
-3.76526149921e-05
5.68340765312e-05
0.0
0.0
0.0
0.0
0.0
2.82230394077e-05
-7.99427871243e-05
3.15733923344e-05
-4.45810546807e-05
5.82762004342e-05
-5.90935342188e-05
0.0
0.0
8.43721500132e-05
-0.000120498974866
4.40010589955e-05
-3.95972674596e-05
0.0
0.0
3.77057840524e-05
-3.23061794916e-05
-4.43763092335e-05
4.75022316095e-05
0.0
0.0
0.0
-4.50505649496e-05
4.46841550001e-05
-4.56561756437e-05
6.90676688464e-06
-2.9329346944e-05
0.0
0.0
0.0
0.0
0.0
-4.43096323579e-05
4.47340789833e-05
0.0
-5.40493711014e-05
3.89155502489e-05
0.0
-5.93375480094e-05
0.0
0.0
5.88638540648e-05
0.0
0.0
0.0
-5.94193516008e-05
9.37967342907e-05
-7.95016167103e-05
5.814920587e-05
0.0
-5.82640750508e-05
3.24634420394e-05
-4.37458147644e-05
5.8605310187e-05
0.0
-4.42047712568e-05
1.9543687813e-05
6.20279970462e-05
-3.65826526831e-05
0.0
0.0
-5.97424295847e-05
4.4927761337e-05
0.0
0.0
0.0
0.0
-4.64933145849e-05
5.88824004808e-05
-2.97649075947e-05
5.9780672018e-05
0.0
2.78174184132e-06
-7.88770485087e-05
9.87047096714e-05
-2.93270404654e-05
0.0
0.0
0.0
0.0
0.0
3.00034243992e-05
-3.11083604174e-05
0.0
0.0
3.09793067572e-05
-2.02430383069e-05
0.0
0.0
-4.6945118811e-05
5.92998876527e-05
0.0
0.0
0.0
0.0
-4.461655044e-05
4.30029194831e-06
0.0
0.0
-3.80707679142e-05
3.19622486131e-05
0.0
0.0
0.0
0.0
-4.59406328446e-05
6.09112976235e-05
0.0
0.0
0.0
0.0
0.0
0.0
0.0
3.15233482979e-05
0.0
-3.86623905797e-05
3.14251847158e-05
-3.59209661838e-05
0.0
0.0
0.0
0.0
-3.04268560285e-05
3.04715122184e-05
0.0
4.01378856623e-05
-2.38692355197e-05
0.0
0.0
0.0
0.0
-5.97424295847e-05
5.62295681448e-05
0.0
-5.84159388382e-05
5.90437120991e-05
-4.51412888651e-05
0.0
0.0
4.43938733952e-05
0.0
3.96350951632e-05
0.0
-2.92018057735e-06
-4.44396391686e-05
4.5753098675e-05
3.77362557629e-05
-3.88353109884e-05
-5.93752738496e-05
3.63555191143e-05
4.0038878069e-05
-3.86904284824e-05
-3.73564434994e-05
0.000136476926855
-2.39845103351e-05
-2.83839617623e-05
-5.06584510731e-05
9.08490546863e-05
-2.98308277706e-05
0.0
3.04090735881e-05
-3.11811090796e-05
3.70693487639e-05
-4.00818753405e-05
0.0
0.0
0.0
0.0
0.0
0.0
3.65451851394e-05
-2.01345192181e-05
0.0
0.0
0.0
3.98550982936e-05
-7.18432420399e-05
0.0
6.00432795181e-05
-6.019162538e-05
3.74187948182e-05
-6.02498657827e-05
0.0
4.24469035352e-05
0.0
0.0
3.64327315765e-05
-1.7904501874e-05
0.0
2.94473229587e-05
0.0
0.0
-9.73666683421e-05
0.000100144403405
-7.50901890569e-05
9.65611761785e-05
-3.91611683881e-05
0.0
0.0
-5.97870566708e-05
4.67571044283e-05
2.93063239951e-05
-9.73463902483e-05
6.06870198681e-05
0.0
0.0
-5.68167961319e-05
5.39608881809e-05
0.0
0.0
0.0
0.0
-3.64169391105e-05
0.000100176657725
-4.05256178055e-05
-4.25817188443e-06
4.71822786494e-05
-4.0114071453e-05
-1.49094539665e-05
4.68901380373e-05
0.0
0.0
3.84989325539e-05
-7.92642167653e-05
2.45808441832e-05
0.0
0.0
0.0
0.0
-5.98700862611e-05
5.93438526266e-05
0.0
-3.76982061425e-05
5.93689983361e-05
0.0
0.0
-4.99495326949e-05
9.12218383746e-05
-9.53775743255e-05
0.0
7.88437464507e-05
-9.30582536967e-05
9.98232208076e-05
-3.1587365811e-05
-7.58002570365e-05
0.000134056113893
-9.86525628832e-05
4.57493624708e-05
2.9203172744e-05
-3.8952795876e-05
4.09209424106e-05
-2.45859719143e-05
-5.89877781749e-05
9.94405345409e-05
-7.53203567001e-05
0.0
3.48237590515e-05
2.48709384323e-05
-9.85484439298e-05
9.26335997065e-05
-2.49240711128e-05
-5.82217144256e-05
4.19907928517e-06
0.0
3.88474254578e-05
-9.89033433143e-05
0.0
4.73573209092e-06
-5.64504771319e-05
6.06148096267e-05
-4.36708178313e-05
6.05231580266e-05
0.0
6.01066276431e-05
-7.62233539717e-05
0.0
-5.55385522603e-05
0.0
4.66558885819e-05
0.0
0.0
0.0
0.0
0.0
-5.79987463425e-05
5.95582750975e-05
4.09209424106e-05
-1.56065198098e-06
-5.38778913324e-05
6.019162538e-05
0.0
0.0
-6.11706054769e-05
4.56971320091e-05
3.69117769878e-05
-3.85984203604e-05
0.0
0.0
0.0
0.0
0.0
-6.03796834184e-05
0.0
8.90554583748e-05
-4.76354907732e-05
1.94368458324e-05
4.10243519582e-05
-7.47116791899e-05
0.0
0.000100101467979
-2.92810473184e-05
0.0
4.00646604248e-05
0.0
-3.82975267712e-05
0.0
1.73093467311e-05
-3.85187922802e-05
-5.98317092226e-05
4.36062509834e-05
0.0
0.0
0.0
0.0
0.0
0.0
0.0
0.0
0.0
0.0
0.0
0.0
-6.03082189627e-05
3.72521390091e-05
0.0
0.0
3.14119643008e-05
-2.43106242124e-05
0.0
2.97310543829e-05
0.0
-3.85108396586e-05
0.0
3.60806516255e-05
0.0
-3.75427443942e-05
0.0
0.0
0.0
-4.23506644438e-05
5.92184114794e-05
2.03334402613e-05
0.0
-9.92924979073e-05
8.02877548267e-05
0.0
0.0
-0.00010132897296
4.31452872363e-06
0.0
3.65504238289e-05
0.0
-7.80985646998e-05
5.82822685828e-05
2.93431712635e-05
-3.15660035994e-05
0.0
0.0
0.0
0.0
2.7813066481e-05
-3.97490221076e-05
0.0
0.0
3.76032330678e-05
-3.37731944455e-05
0.0
2.97666101687e-05
-3.17323356285e-05
0.0
0.0
3.13171076414e-05
-2.91646233563e-06
-2.95904501399e-05
5.86420901527e-05
0.0
-3.77261239919e-05
5.48911702936e-05
3.92765141441e-05
-2.96625566989e-05
0.0
0.0
-3.70452762581e-05
5.72521385038e-05
0.0
-5.96026256972e-05
4.49241561e-05
0.0
3.20896033372e-05
-3.04785844492e-05
-5.67304996366e-05
5.65131012991e-05
0.0
0.0
0.0
0.0
2.85900046038e-06
0.0
-3.94341477659e-05
3.17887975143e-06
0.0
-4.00775570597e-05
0.0
0.0
0.0
0.0
3.16784862662e-05
-2.93132252409e-05
0.0
2.32017519011e-05
-2.60001816059e-05
0.0
0.0
3.72060349036e-05
-0.000100112207292
4.97279179399e-05
0.0
0.0
0.0
-4.28454268331e-06
7.92317732703e-05
-3.99745731556e-05
0.0
-4.58579306724e-05
4.73457221233e-05
0.0
0.0
1.31716151373e-05
-1.30209455165e-05
0.0
0.0
0.0
0.0
0.0
0.0
6.29245096206e-06
-2.69892334472e-05
2.90685711661e-05
1.35822556331e-05
0.00416612997651
0.0430179275572
0.0161723643541
0.0449265278876
0.0665055215359
0.0652342438698
0.0713640674949
0.0736709460616
0.0604835450649
0.0622173324227
0.0633188933134
0.0606861039996
0.0377334542572
0.0851460918784
0.0619383752346
0.0573716163635
0.0512773431838
0.0714820697904
0.0622370019555
0.0906733945012
0.0674592703581
0.159453079104
0.0764133185148
0.132353648543
0.0990512371063
0.177806153893
0.170235320926
0.142720922828
0.13643167913
0.144542008638
0.139578461647
0.190983891487
0.159453317523
0.138475239277
0.210963234305
0.177986621857
0.161873504519
0.192793115973
0.195527896285
0.149289697409
0.207179203629
0.145201638341
0.244644239545
0.203628569841
0.212993681431
0.195797204971
0.315933972597
0.199932470918
0.200440868735
0.219492256641
0.201401293278
0.245379269123
0.25991666317
0.209332510829
0.268536061049
0.219659879804
0.225380137563
0.232283234596
0.128558814526
0.244955867529
0.209815785289
0.273027300835
0.257901936769
0.293385386467
0.250033885241
0.236338287592
0.277411043644
0.298355937004
0.246548816562
0.269998729229
0.194616451859
0.299000501633
0.227797046304
0.216176107526
0.288912266493
0.218915537
0.265683352947
0.23081433773
0.218444690108
0.329152822495
0.193327814341
0.328998088837
0.173385620117
0.38525184989
0.278499931097
0.369891792536
0.262178331614
0.271872371435
0.262220978737
0.195843920112
0.328892379999
0.251301854849
0.293978750706
0.260498970747
0.339654862881
0.328638523817
0.227853894234
0.309713244438
0.270099043846
0.236432045698
0.304918378592
0.276351302862
0.276822298765
0.197975412011
0.38885691762
0.264338880777
0.279319345951
0.267821788788
0.256821721792
0.263232260942
0.263981878757
0.272605389357
0.344555467367
0.161288365722
0.0322712734342
2.62722301483
0.27065294981
0.342158287764
0.266428500414
0.21929743886
0.214413627982
0.347103565931
0.260025054216
0.334173619747
0.209599077702
0.272898733616
0.26357793808
0.297503948212
0.221791863441
0.344842404127
0.268637567759
0.260154366493
0.27347278595
0.351188838482
0.168308675289
0.344576597214
0.257244944572
0.262782365084
0.277665883303
0.25020557642
0.266746729612
0.271365076303
0.254235744476
0.244678348303
0.279795825481
0.27954262495
0.270936816931
0.33209335804
0.226265475154
0.258587121964
0.287225455046
0.252576887608
0.358707398176
0.224752008915
0.27229654789
0.265110850334
0.257967501879
0.292990326881
0.15037766099
0.405472040176
0.266283929348
0.191418662667
0.34886392951
0.25995606184
0.269102156162
0.272744268179
0.303148895502
0.254175007343
0.272283375263
0.244265139103
0.354058802128
0.0581953302026
2.49979138374
0.2501963377
0.280177026987
0.257527351379
0.352577060461
0.217960759997
0.291600257158
0.237334892154
0.287564605474
0.249359369278
0.287413090467
0.200753301382
0.324730962515
0.35640001297
0.273343265057
0.197435900569
0.349084019661
0.261112302542
0.281338214874
0.162333518267
0.322084993124
0.405174016953
0.267037779093
0.250619322062
0.278462707996
0.259436219931
0.296640694141
0.269474714994
0.255546450615
0.274780362844
0.269820690155
0.22179761529
0.343974679708
0.233166471124
0.260375231504
0.276867717505
0.261931329966
0.286730110645
0.257555752993
0.265076845884
0.264083862305
0.349188953638
0.203092753887
0.334531247616
0.219330221415
0.247664704919
0.27252086997
0.301593273878
0.242652490735
0.283159047365
0.261721849442
0.357128351927
0.270774573088
0.202932983637
0.33339035511
0.216428309679
0.346672177315
0.21553170681
0.0266666878015
1.68524575233
0.276602208614
0.274250805378
0.267588675022
0.274782955647
0.275659501553
0.208139270544
0.404098123312
0.225094795227
0.270743370056
0.212530091405
0.341768622398
0.259584993124
0.284023076296
0.251668393612
0.256870627403
0.263731390238
0.290525734425
0.260292202234
0.268635511398
0.271255910397
0.318757504225
0.201499193907
0.272207587957
0.302359461784
0.214768409729
0.0368128940463
2.1851952076
0.249803960323
0.267021805048
0.40239572525
0.201495289803
0.288371324539
0.23621557653
0.294681698084
0.255875945091
0.259402245283
0.272562533617
0.256331652403
0.344573587179
0.219328254461
0.279467195272
0.26299187541
0.261814147234
0.298132330179
0.213902398944
0.327662557364
0.282291352749
0.282611876726
0.207844913006
0.350327789783
0.263996958733
0.272869795561
0.273244351149
0.263345867395
0.355248987675
0.239585608244
0.25192669034
0.261431068182
0.271532267332
0.261481165886
0.264690846205
0.290714472532
0.259386628866
0.247478663921
0.273691117764
0.273268640041
0.199941754341
0.345983982086
0.272563278675
0.245681762695
0.271103382111
0.268303573132
0.137135997415
0.442990094423
0.270402491093
0.201259583235
0.335517734289
0.352570801973
0.269137769938
0.227548867464
0.255845814943
0.274393647909
0.272499740124
0.34453856945
0.27069324255
0.176819786429
0.419343173504
0.0194787681103
1.99902558327
0.261535108089
0.262515604496
0.296999633312
0.270043462515
0.315580695868
0.211731538177
0.285342097282
0.250305682421
0.244441330433
0.195513606071
0.302401632071
0.184824094176
0.300629645586
0.204265147448
0.161240518093
0.2433950454
0.210685327649
0.137566819787
0.121497705579
0.175553590059
0.125218153
0.102599941194
0.130983695388
0.0886163115501
0.081212580204
0.0976505279541
0.0455427616835
0.0596137903631
0.004750108812
0.000122425859445
0.0
6.25987522653e-05
3.12489573844e-05
4.61753406853e-05
9.39777964959e-05
8.53671954246e-05
3.50598238583e-05
0.0
0.000112256297143
9.43616905715e-05
7.38838934922e-05
4.001742127e-05
0.000173469845322
0.0
0.000104999140603
0.0
7.64676515246e-05
7.8448538261e-05
4.08284249716e-05
4.91072678415e-05
4.51412888651e-05
8.32477453514e-05
-4.11192231695e-05
5.75994745304e-05
0.0
2.93031143883e-06
0.00031458522426
0.000118274350825
1.95252923731e-05
1.85059707292e-05
1.59884621098e-05
0.0
2.04052976187e-05
3.61540223821e-05
6.06148096267e-05
0.0
4.72419415019e-05
-1.8186194211e-05
2.01295333682e-05
4.19796233473e-05
2.47321404458e-05
3.72840622731e-05
-2.07816228794e-05
6.17971018073e-05
-3.92297479266e-05
4.01442412112e-05
0.0
7.74275977165e-05
-6.07198999205e-05
6.11639261479e-05
7.35372886993e-05
-3.14114986395e-05
3.68433975382e-05
6.19072015979e-05
0.0
0.0
2.17855049414e-05
0.0
1.94272524823e-05
6.06082467129e-05
-1.39516105264e-05
0.0
3.94867565774e-05
-3.79856282962e-05
5.10764730279e-05
0.0
0.0
3.11263211188e-05
0.0
0.0
5.52429009986e-05
4.47877100669e-05
0.0
0.0
2.96979487757e-05
0.0
0.0
0.0
3.82108992198e-05
0.0
4.85727614432e-05
0.0
9.91659399006e-05
-1.99318001251e-05
0.0
0.0
0.000131083943415
0.0
3.72617323592e-05
2.04038115044e-05
-6.295741332e-05
5.70249248995e-05
0.0
0.0
3.99232885684e-05
-3.50641130353e-05
6.01463761996e-05
4.08940468333e-05
0.0
0.0
0.0
0.0
3.12538759317e-05
0.0
0.0
5.58763495064e-05
0.0
1.10093569674e-05
0.0
3.2884774555e-05
4.49565923191e-05
-5.88762304687e-05
0.0
5.74046098336e-05
0.0
2.93734206025e-06
4.28329840361e-05
0.0
3.89030465158e-05
0.0
0.0
2.31466492551e-05
0.0
0.0
4.64239892608e-05
-6.05885979894e-05
0.0
2.88199607894e-05
-4.04028432968e-05
0.0
0.0
5.95456294832e-05
-2.03749168577e-05
2.08612746064e-05
0.0
0.0
0.0
3.07092159346e-05
4.8374013204e-06
0.0
0.0
0.0
0.0
-1.79899088835e-05
4.63663709525e-05
4.30184309153e-06
0.0
0.0
-1.95649463421e-05
1.99022433662e-05
-1.61811149155e-05
5.65987211303e-05
3.07700756821e-05
-4.08865053032e-05
3.55163138011e-05
0.0
0.0
2.24702434934e-05
-3.09279676003e-05
4.08239648095e-05
0.0
4.4372780394e-05
-3.99596501666e-05
4.10166467191e-05
3.22422988575e-06
0.0
6.0017559008e-05
0.0
0.0
0.0
0.0
0.0
0.0
0.0
0.0
6.64690151098e-06
0.0
0.0
0.0
0.0
0.0
0.0
0.0
0.0
0.0
0.0
0.0
0.0
3.83638835046e-05
-2.93675930152e-05
0.0
4.04046550102e-05
1.42624558066e-05
5.98700862611e-05
-4.76049899589e-05
0.0
7.98743931227e-05
-1.85291646631e-05
-3.16723962897e-05
3.81212521461e-05
1.62369678947e-06
3.85538733099e-05
0.0
0.0
2.96405892186e-06
6.16551697021e-05
0.0
-6.1567123339e-05
2.39396395045e-05
-2.92054573947e-05
6.06607463851e-05
1.89948405023e-05
1.5063445062e-05
-3.38221361744e-05
3.66293170373e-05
-1.99020596483e-05
-1.53508171934e-05
3.69081171812e-05
0.0
-1.53925866471e-05
1.89716793102e-05
0.0
0.0
2.62045159616e-05
0.0
0.0
-3.8332407712e-05
3.66806707461e-05
2.06986696867e-05
-1.65585679497e-05
3.31916203322e-06
8.36081962916e-05
-0.000117950708955
2.00129870791e-05
7.1346439654e-06
3.90575478377e-05
-3.43413630617e-05
4.98203662573e-05
0.0
0.0
4.39482282673e-05
0.0
0.0
0.0
-1.54639910761e-05
1.94703061425e-05
0.0
0.0
0.0
0.0
0.0
-4.67337049486e-05
6.07528127148e-05
0.0
0.0
0.0
0.0
3.93910158891e-05
-2.63207966782e-05
3.76299067284e-05
0.0
0.0
-3.07245500153e-05
7.69377147662e-05
4.40158919446e-06
0.0
-3.90412278648e-05
3.23602489516e-06
4.12066074205e-05
4.36096379417e-05
0.0
0.0
0.0
0.0
0.0
0.0
-1.5624171283e-05
-1.0162291801e-05
-2.44924285653e-05
4.91263162985e-05
0.0
0.0
0.0
0.0
0.0
0.0
0.0
3.07117370539e-05
-4.01249380957e-05
4.01163233619e-05
0.0
0.0
0.0
0.0
0.0
0.0
2.90164280159e-05
0.0
0.0
1.81156010512e-05
3.21519910358e-05
0.0
0.0
-5.5643315136e-05
0.0
3.96964824176e-05
-8.32114383229e-05
8.7872685981e-05
0.0
-4.01614815928e-05
2.98270115309e-05
3.21741426887e-05
-4.81948191009e-05
-2.00754147954e-05
3.76576790586e-05
-7.98083419795e-05
8.08792829048e-05
0.0
0.0
0.0
0.0
0.0
0.0
-2.72149895864e-06
4.79986229038e-05
3.0803050322e-05
0.0
3.73101465811e-05
-3.14622557198e-05
0.0
0.0
0.0
0.0
0.0
-2.99489147437e-05
7.88043471402e-05
-4.11827313656e-05
2.94961719192e-05
-3.78395234293e-05
4.10423890571e-05
0.0
-3.06562542391e-05
2.07067059819e-05
0.0
0.0
0.0
0.0
0.0
-1.48607950905e-05
2.02123519557e-05
0.0
3.30818625116e-06
0.0
0.0
0.0
0.0
0.0
7.32717990104e-06
4.59255861642e-05
-6.11906361883e-05
0.0
-3.50377813447e-05
3.95804781874e-05
4.71187995572e-05
-5.6684599258e-05
0.0
0.0
6.12040093984e-05
-2.81557531707e-05
5.10739919264e-05
-7.20473108231e-05
3.89480119338e-05
0.0
0.0
0.0
3.78011973226e-05
-7.77174936957e-05
6.13446973148e-05
3.0586237699e-05
-3.85300190828e-05
0.0
3.22463274642e-05
0.0
0.0
4.86355702378e-06
0.0
2.46343206527e-05
-3.59987025149e-05
0.0
3.89842134609e-05
0.0
0.0
0.0
0.0
2.05189371627e-05
-1.83218489838e-05
0.0
0.0
0.0
2.82401215372e-05
-2.0326791855e-05
-6.24731255812e-05
2.86406066152e-05
0.0
2.4220733394e-05
-3.11420953949e-05
0.0
6.21994549874e-05
0.0
-6.16516772425e-05
0.0
4.33977720604e-06
0.0
0.0
4.83945295855e-05
-2.44617822318e-05
0.0
4.91390601383e-05
0.0
0.0
-5.45385773876e-05
2.04604712053e-05
0.0
3.97344665544e-05
-4.08909836551e-05
3.85061975976e-05
-3.06012589135e-05
3.77706383006e-05
0.0
3.04342884192e-05
0.0
0.0
-8.37616462377e-05
3.16166619996e-06
2.95440477203e-05
0.0
2.08792480407e-05
-4.64701806777e-05
5.8605310187e-05
4.15271279053e-05
0.0
0.0
0.0
0.0
0.0
0.0
4.08314226661e-05
-3.66005842807e-05
0.0
2.75036927633e-05
0.0
-3.24804314005e-05
3.91734902223e-05
0.0
0.0
-3.88716980524e-05
0.0
3.11005896947e-05
0.0
0.0
0.0
0.0
0.0
-4.0477298171e-05
3.77210199076e-05
1.58600141731e-05
-1.98199795705e-05
0.0
2.92549411824e-05
-3.99853051931e-05
0.0
1.19970054584e-05
1.98491561605e-05
-3.13298623951e-05
3.52483148163e-05
2.03002709895e-05
0.0
-6.33345262031e-05
4.60804149043e-05
-1.79777798621e-05
2.0409017452e-05
-1.92653569684e-05
0.0
2.01686834771e-05
-6.19277125224e-05
9.27040819079e-05
-3.10306932079e-05
0.0
-1.98575999093e-05
1.53445089381e-05
-6.01528554398e-05
6.0314694565e-05
3.46021006408e-05
-3.27579400619e-05
0.0
0.0
3.15334182233e-05
0.0
0.0
0.0
2.87141074296e-06
0.0
0.0
-2.83451572614e-05
3.31091214321e-05
-2.37437343458e-05
0.0
3.17666308547e-05
-3.69600093109e-05
0.0
0.0
0.0
0.0
3.64801489923e-05
0.0
-4.80522940052e-05
4.1202049033e-05
0.0
0.0
0.0
0.0
4.38641154688e-06
0.0
-9.66809693637e-06
0.0
-4.1250983486e-05
5.72641947656e-05
0.0
0.0
-1.86494780792e-05
4.28657494922e-06
0.0
-4.03392295993e-05
0.0
3.99724813178e-05
0.0
0.0
0.0
0.0
0.0
0.0
-2.29914257943e-05
0.00010262431897
-5.74634941586e-05
0.0
5.91247080592e-05
-6.09112976235e-05
0.0
5.906862134e-05
0.0
-5.48428251932e-05
0.0
0.0
1.62804394677e-06
3.87296786357e-05
0.0
0.0
4.04177590099e-05
-2.95440477203e-05
0.0
0.0
5.85012930969e-05
0.0
-4.07611260016e-05
0.0
6.13245865679e-05
0.0
0.0
-5.13454106112e-05
5.6353979744e-05
0.0
0.0
0.0
0.0
0.0
0.0
-6.18798585492e-05
2.60365159193e-05
0.0
0.0
0.0
0.0
0.0
0.0
-5.77120408707e-05
0.000101542194898
-4.17171868321e-05
0.0
-1.64680059243e-05
5.40650107723e-05
-2.80551216747e-06
0.0
7.54687644076e-05
-3.18541569868e-05
0.0
3.26765766658e-05
-1.83741449291e-05
-1.44311443364e-05
4.02503937948e-05
-4.14939422626e-05
7.70621409174e-06
-3.99190321332e-05
4.02677433158e-05
-6.08385489613e-05
3.58639772458e-05
-6.37754201307e-05
5.86359710724e-05
3.83407787012e-05
0.0
0.0
0.0
0.0
0.0
0.0
0.0
0.0
0.0
3.45094267686e-05
0.0
1.44897262544e-06
-4.5276243327e-05
5.68455980101e-05
-1.61810912687e-05
1.85346798389e-05
-1.64230932569e-05
0.0
0.0
0.0
0.0
0.0
0.0
-3.09330825985e-05
0.000103798927739
-5.54670950805e-05
1.61210082297e-05
-6.07001747994e-05
9.82731726253e-05
-5.99185987085e-05
0.000118941388791
-9.66011284618e-05
0.0
1.54307563207e-05
-1.57789963851e-05
6.01980755164e-05
-9.31106842472e-05
6.36146705801e-06
1.92885036085e-05
-2.02404025913e-05
1.8713360987e-05
-1.3687158571e-06
1.87414916581e-05
0.0
0.0
4.13789894083e-05
-3.73923467123e-05
0.0
3.14702083415e-05
-3.87426262023e-05
-1.56463902385e-05
4.72419415019e-05
0.0
0.0
-1.27271141537e-05
-1.97755616682e-05
4.13789894083e-05
-3.68826003978e-05
0.0
2.73947189271e-05
0.0
0.0
0.0
2.04528987524e-05
0.0
-1.58077382366e-05
0.0
4.54046275991e-05
-4.54635701317e-05
0.0
2.90798811875e-06
0.0
-2.03667132155e-05
4.03417143389e-05
0.0
0.0
-2.00323356694e-05
2.08582459891e-05
-1.5872908989e-05
1.94115928025e-05
0.0
-2.10796424653e-05
0.0
3.93329864892e-05
-3.97260118916e-05
1.8915925466e-05
2.93999455607e-05
0.0
-5.94761077082e-05
2.53615617112e-05
1.98808647838e-05
0.0
-1.89120964933e-05
-1.51446529344e-05
4.02957339247e-05
3.25610089931e-05
-7.04102785676e-05
2.0548921384e-05
-6.12040093984e-05
7.69809121266e-05
-2.92751087727e-06
0.0
0.0
0.0
0.0
0.0
3.15573925036e-05
-3.65980413335e-05
0.0
4.5430388127e-05
0.0
-2.01861275855e-05
0.0
0.0
-2.51957008004e-05
3.77477444999e-05
1.54908093464e-06
-5.82216925977e-05
9.83352510957e-05
0.0
-3.20857398037e-05
3.97852236347e-05
0.0
0.0
-5.9043730289e-05
5.55660735699e-05
0.0
0.0
0.0
0.0
0.0
0.0
0.0
3.17350240948e-05
-3.90138484363e-05
3.96519317292e-05
-3.95637034671e-05
0.0
0.0
3.96182767872e-05
-4.20311334892e-05
2.85860678559e-05
0.0
0.0
0.0
4.63050673716e-05
0.0
-5.77655810048e-05
0.0
6.06476278335e-05
-6.09311573498e-05
4.26439328294e-05
0.0
0.0
0.0
-1.55205598276e-05
1.98766283575e-05
5.54506186745e-05
-9.25948261283e-05
0.0
7.16225167707e-06
1.45890335261e-05
-5.97551770625e-05
0.0
-1.59013015946e-05
-3.14432181767e-05
5.508540562e-05
-2.08279961953e-05
1.51305957843e-05
0.0
-1.84595355677e-05
1.5883715605e-05
-1.51884560182e-05
1.97546341951e-05
6.16755205556e-05
0.0
4.04396269005e-05
-9.86468076007e-05
2.9206441468e-05
0.0
0.0
0.0
0.0
0.0
3.9620717871e-05
-2.96166272165e-05
3.35249496857e-05
0.0
0.0
0.0
0.0
-3.66339190805e-05
3.37947749358e-05
0.0
0.0
0.0
0.0
0.0
-3.57439166692e-05
3.06037763949e-05
0.0
5.75697486056e-05
0.0
-5.94950615778e-05
0.0
2.8729044061e-05
1.9927681933e-05
0.0
0.0
0.0
-6.10373535892e-05
0.0
5.51016673853e-05
-4.78960610053e-05
-3.93619811803e-05
0.000102477933979
0.0
0.0
0.0
2.87979537461e-06
0.0
-4.10108368669e-05
0.0
0.0
-2.02601368073e-05
2.05698797799e-05
0.0
3.2440641462e-06
0.0
-6.15941826254e-05
3.56484451913e-05
1.5435858586e-05
-3.9698312321e-05
0.0
3.27023444697e-05
0.0
-3.76183998014e-05
0.0
3.87748114008e-05
0.0
3.64837105735e-05
-7.59675749578e-05
3.18650381814e-05
-2.07308476092e-05
1.52417787831e-05
3.96796094719e-05
-4.107073255e-05
0.0
0.0
1.46329909967e-06
-1.4645365809e-05
2.01348411792e-05
-4.15363538195e-05
1.55540019477e-05
-1.51213871504e-05
3.94159615098e-05
-3.76754251192e-05
3.12564989144e-05
0.0
0.0
0.0
0.0
0.0
0.0
0.0
0.0
0.0
0.0
-3.21492225339e-05
3.66554813809e-05
0.0
-3.1293133361e-05
3.89233064197e-05
0.0
0.0
0.0
0.0
0.0
0.0
4.25119424108e-06
-6.31127186352e-05
7.35735011403e-05
0.0
-5.98700644332e-05
5.94571829424e-05
0.0
-4.63356918772e-05
5.96343415964e-05
-3.14769386023e-05
5.36920597369e-05
0.0
0.0
0.0
-6.0470916651e-05
6.13581360085e-05
-5.45704460819e-05
0.0
5.92936266912e-05
-5.74399200559e-05
0.0
4.77654139104e-05
0.0
-5.51721859665e-05
0.0
6.00432758802e-05
0.0
0.0
0.0
0.0
0.0
0.0
3.85061975976e-05
5.82640750508e-05
0.0
0.0
-0.00012471115042
4.74258595204e-05
1.90316332009e-05
-8.29519340186e-05
0.000101113517303
-2.95370391541e-05
3.71991518477e-05
-6.09046728641e-05
2.08349665627e-05
1.25062824736e-05
-2.39350356424e-05
5.60551998205e-05
-4.46841550001e-05
1.91252202058e-05
3.07447662635e-05
-1.54742137966e-05
1.95813317987e-05
0.0
0.0
0.0
0.0
-3.62150130968e-05
3.23944659613e-05
0.0
0.0
0.0
0.0
0.0
0.0
0.0
0.0
0.0
0.0
0.0
0.0
0.0
3.01074578601e-05
-3.73064176529e-05
0.0
0.0
0.0
0.0
4.17912051489e-05
-3.78817603632e-05
0.0
3.92599977204e-05
-3.69592744391e-05
0.0
0.0
3.9863614802e-05
0.0
1.87789246411e-05
-1.89929123735e-05
-4.29094006904e-06
1.20635577332e-05
3.89365595765e-05
2.3270602469e-05
-5.93332733843e-05
7.94412044343e-05
-8.4043800598e-05
3.88514599763e-05
-2.98355917039e-05
3.23453677993e-05
0.0
0.0
0.0
0.0
0.0
1.56231744768e-05
-2.01534330699e-05
0.0
0.0
0.0
0.0
0.0
0.0
0.0
5.79747502343e-05
-5.87404465477e-05
3.16345949614e-06
-3.66339190805e-05
6.33130694041e-05
-1.9767179765e-05
0.0
3.03945271298e-05
0.0
0.0
-2.9713177355e-05
3.92132824345e-05
0.0
0.0
-3.98106567445e-05
4.07039115089e-05
-4.31762018707e-05
5.88700422668e-05
0.0
0.0
0.0
-4.06596263929e-05
3.98786323785e-05
0.0
0.0
0.0
0.0
-3.53449941031e-05
3.96333307435e-05
0.0
0.0
0.0
-3.30213515554e-05
8.76089397934e-05
-0.000104076498246
2.934960321e-06
4.55744848296e-05
0.0
0.0
-5.99148806941e-05
6.12240837654e-05
-5.68859977648e-05
0.0
0.0
0.0
0.0
0.0
0.0
0.0
-4.04308702855e-05
0.00013995388872
-9.51540350798e-05
0.0
0.0
0.0
4.67883437523e-05
0.0
-4.96222382935e-05
0.0
0.0
0.0
5.98572878516e-05
-5.63030225749e-05
4.44855068054e-05
0.0
0.0
0.0
0.0
0.0
0.0
3.06487163471e-05
-3.83407787012e-05
0.0
0.0
0.0
3.79974189855e-05
-4.02547229896e-05
3.07522095682e-05
0.0
-3.97956282541e-05
3.21753395838e-05
-2.92626846203e-05
0.0
0.0
2.96390080621e-05
0.0
0.0
-4.1623476136e-05
7.68895406509e-05
-5.87281283515e-05
0.0
0.0
0.0
-2.51168930845e-05
3.77286378352e-05
2.01576967811e-05
0.0
-8.19219785626e-05
9.70933251665e-05
-5.9953348682e-05
-2.97642363876e-05
0.0
3.96014584112e-05
-3.86503743357e-05
3.08411217702e-05
0.0
0.0
0.0
0.0
5.70365227759e-05
-4.88948644488e-05
7.34406203264e-05
-6.45204781904e-05
0.0
0.0
1.54257140821e-05
3.99062082579e-05
0.0
0.0
-4.4166456064e-05
0.0
6.25498141744e-05
0.0
0.0
-2.25189414778e-05
0.0
0.0
0.0
0.0
0.0
6.18661870249e-05
2.08125220524e-05
0.0
-7.95366067905e-05
0.0
9.78919561021e-05
-1.56844471348e-05
0.0
0.0
0.0
-5.07548102178e-05
0.0
6.30282229395e-05
0.0
0.0
0.0
0.0
0.0
0.0
0.0
0.0
0.0
-6.18457124801e-05
4.75982687931e-06
0.0
5.16721083841e-05
-3.13291166094e-05
5.73224242544e-05
-4.00861681555e-05
1.98175475816e-05
0.0
6.10440038145e-05
-3.97979420086e-05
3.01981945086e-05
-3.28674213961e-05
-6.01141327934e-05
0.000124495083583
-3.1238207157e-05
-1.97650861082e-05
4.61259332951e-05
-5.66788621654e-05
-3.06087858917e-05
9.51402034843e-05
-4.02306613978e-05
3.09997994918e-05
0.0
-3.91106841562e-05
4.08462874475e-05
-6.17001342107e-06
2.948452493e-05
4.01485413022e-05
0.0
-2.89019826596e-05
0.0
5.80772621106e-06
-2.44283291977e-05
4.02286968892e-05
-3.75918789359e-05
0.0
2.0008710635e-05
-2.0641451556e-05
1.51785779963e-05
-1.96361907001e-05
0.0
-2.83580720861e-05
4.03740923502e-05
0.0
0.0
0.0
0.0
0.0
0.0
-3.0446686651e-05
3.94992857764e-05
0.0
1.88016165339e-05
-2.00473914447e-05
1.46279044202e-05
-1.59013015946e-05
0.0
3.87225227314e-05
-2.98208169625e-06
0.0
2.80394874608e-06
1.57279737323e-05
-1.98726320377e-05
-4.084928878e-05
5.51828343305e-05
-3.89964116039e-05
2.04372572625e-05
1.55012294272e-05
-6.13656375208e-05
0.0
6.11372379353e-05
-1.50957584992e-05
-3.87909240089e-05
5.54780526727e-05
0.0
-1.00738661786e-05
4.03348749387e-05
-1.52554803208e-05
1.89044367289e-05
-4.05273385695e-05
4.02306613978e-05
0.0
-1.65292440215e-05
0.0
1.7847160052e-05
-3.25269866153e-05
1.95139164134e-05
-1.86741217476e-05
0.0
1.96471610252e-05
0.0
0.0
0.0
1.57361671427e-06
-1.57896720339e-05
1.99509777303e-05
-2.03800482268e-05
0.0
0.0
1.99637797778e-05
-7.47438898543e-05
6.38790297671e-05
0.0
1.8397682652e-05
-1.54141944222e-05
-3.07954396703e-05
4.01226752729e-05
0.0
-1.58580751304e-05
2.01056900551e-05
0.0
0.0
0.0
0.0
0.0
1.97567260329e-05
-1.52667089424e-05
0.0
0.0
0.0
-1.89140137081e-05
2.03845029318e-05
0.0
0.0
6.12374496995e-05
0.0
-5.27370539203e-05
0.0
0.0
0.0
0.0
0.0
0.0
0.0
6.03992193646e-05
2.03378713195e-05
-1.40499214467e-05
0.0
0.0
0.0
-4.81181450596e-05
0.0
7.97720276751e-05
-1.5481302853e-06
0.0
0.0
1.51232407006e-05
3.2372030546e-05
0.0
-4.27063287134e-06
0.0
0.0
0.0
0.0
3.67600441677e-05
0.0
1.93492196559e-05
-5.92873329879e-05
1.99275564228e-05
0.0
3.08870730805e-05
0.0
-8.76150079421e-06
1.84413001989e-05
0.0
0.0
-3.87698601116e-05
-1.95723732759e-05
4.4062260713e-05
0.0
0.0
-6.12575240666e-05
-4.41525262431e-05
9.32341717998e-05
0.0
-3.60021840606e-05
2.9358365282e-05
0.0
0.0
1.66697213899e-06
-2.9366250601e-05
-3.96459399781e-05
3.11730618705e-05
0.0
0.0
-5.80287778575e-05
8.15751700429e-05
-4.42991149612e-05
0.0
0.0
3.47371751559e-05
0.0
0.0
7.33967244742e-05
0.0
-5.91996504227e-05
0.0
3.9311391447e-05
0.0
-5.45226648683e-05
0.0
1.91802446352e-05
-1.59011676715e-06
0.0
5.7077195379e-05
0.0
-6.05689601798e-05
3.70472880604e-05
0.0
1.52508637257e-05
0.0
0.0
-3.3141412132e-05
-1.78608243004e-05
4.63548567495e-05
-3.12174197461e-05
5.906862134e-05
2.91917567665e-05
-3.03892757074e-05
-3.96333161916e-05
3.64481275028e-05
0.0
-4.00624594477e-05
-1.83002921403e-05
0.0
5.86789392401e-05
-1.63398772202e-06
1.98895431822e-05
0.0
0.0
0.0
3.63582221325e-05
-4.91176979267e-05
-2.25433286687e-05
4.64047661808e-05
0.0
3.69190711353e-05
-5.74458317715e-05
4.30438740295e-06
-3.93054651795e-05
0.0
0.0
3.92105284845e-05
0.0
0.0
4.94601808896e-05
-5.43956484762e-05
0.0
0.0
-3.26823028445e-05
3.27288798871e-05
-1.5201278984e-05
0.0
0.0
5.4221964092e-05
-0.000123012621771
4.82465620735e-05
4.72754209113e-06
0.0
0.0
0.0
-4.29116989835e-05
5.11626021762e-05
-5.66903363506e-05
0.0
0.0
0.0
0.0
4.20393007516e-05
-5.88514994888e-05
4.58279318991e-05
0.0
-5.94004450249e-05
7.98842593213e-05
-3.03157812596e-05
-5.82580141781e-05
6.056240818e-05
0.0
0.0
0.0
0.0
0.0
0.0
0.0
0.0
3.24253887811e-05
0.0
-2.82572873402e-05
0.0
-5.43798196304e-05
4.53715438198e-05
0.0
0.0
0.0
3.04541263176e-05
-9.83042191365e-05
0.000100612509414
-1.19845626614e-05
0.0
0.0
0.0
0.0
0.0
3.78318072762e-05
-3.34769065375e-05
0.0
3.12986389872e-06
0.0
-3.92462243326e-05
4.06950566685e-05
0.0
-3.80475103157e-05
0.0
3.06766196445e-05
0.0
-3.93827212974e-05
7.91634156485e-05
-2.77304370684e-05
0.0
0.0
0.0
0.0
-3.86535575672e-05
0.0
0.0
4.03348749387e-05
0.0
0.0
0.0
0.0
-3.08564631268e-05
3.805913002e-05
-3.03354663629e-05
6.63214950691e-06
-3.99960008508e-05
-3.21824518323e-05
3.52882489096e-05
0.0
3.29854810843e-05
-3.66365020454e-05
0.0
-3.87618129025e-05
4.04790480388e-05
2.79191390291e-05
-3.95972529077e-05
0.0
0.0
3.60562553396e-05
-2.03611598408e-05
0.0
0.0
4.0263410483e-05
-4.17398114223e-05
0.0
0.0
5.77834616706e-05
0.0
-1.57730737556e-05
-4.01767574658e-05
0.0
1.90919654415e-05
2.03400886676e-05
-3.05059729726e-05
0.0
4.01637844334e-05
1.58010607265e-05
0.0
-4.98562185385e-05
5.55165497644e-05
0.0
-5.43481728528e-05
4.67415084131e-05
-6.12508301856e-05
0.0
3.82152065868e-05
-2.06437362067e-05
1.83254469448e-05
0.0
-7.97720567789e-05
6.58497228869e-05
1.45564581544e-05
-1.9595696358e-05
0.0
0.0
0.0
1.91836425074e-05
-1.43403667607e-06
0.0
-6.39939389657e-05
2.98365357594e-05
3.83565457014e-05
0.0
0.0
0.0
1.87565310625e-05
0.0
-1.5383839127e-05
1.93443702301e-05
3.99190175813e-05
-3.83683654945e-05
-3.74337942048e-05
7.38562011975e-05
-5.75325502723e-05
4.76679015264e-05
0.0
-3.90710192733e-05
4.53018583357e-05
-0.00010863308853
5.95836208959e-05
-4.7663859732e-05
4.61753406853e-05
0.0
0.0
-1.65235087479e-06
5.06097712787e-05
0.0
0.0
0.0
-4.75264059787e-05
5.62860477658e-05
0.0
-7.7387157944e-05
8.17372492747e-05
0.0
-1.50921023305e-05
6.07330694038e-05
-9.42892438616e-05
-1.4606476725e-05
8.06871757959e-05
-2.03527433769e-05
1.23699528558e-05
0.0
0.0
0.0
0.0
0.0
3.0721850635e-05
0.0
-3.03620890918e-05
0.0
3.10979958158e-05
-3.83683654945e-05
4.12737826991e-05
-3.21789411828e-06
2.50092180067e-05
0.0
0.0
0.0
0.0
6.02433865424e-05
-4.5997207053e-05
0.0
0.0
4.52287167718e-05
-4.51158448413e-05
0.0
-3.96056602767e-05
9.1813824838e-05
-8.20515269879e-05
3.60736848961e-05
0.0
-4.35418769484e-05
4.80274138681e-05
0.0
2.92384374916e-05
-6.00819075771e-05
0.0
0.0
3.65908817912e-05
1.91684266611e-05
0.0
-4.86613280373e-05
0.0
0.0
0.0
2.19629218918e-05
-1.57555575697e-06
-3.15910028803e-06
4.8669786338e-05
-6.08716145507e-05
0.0
9.92969944491e-05
-5.90312629356e-05
-4.02783625759e-05
0.0
0.0
5.45279726794e-05
-8.07389878901e-05
3.66401000065e-05
5.08746161358e-05
-7.18625233276e-05
0.0
4.64201402792e-05
-6.07462243352e-05
0.0
2.91136311716e-05
-4.073942182e-05
0.0
4.17014416598e-05
-6.05362220085e-05
4.62004663859e-06
0.0
0.0
-1.99190453714e-05
1.42046133078e-06
0.0
0.0
-2.57493884419e-05
5.87712711422e-05
-1.99531041289e-05
-2.86011527351e-05
8.23056179797e-05
-3.849033601e-05
0.0
0.0
-2.0004425096e-05
6.13044467173e-05
-3.53751056537e-05
-6.00819075771e-05
7.8779332398e-05
-9.33993069339e-05
0.0
9.76567389444e-05
-6.09443995927e-05
1.75073928403e-05
3.88625885535e-05
-4.78192259834e-06
1.94015065063e-05
0.0
0.0
-5.76052625547e-05
6.03992193646e-05
0.0
4.00495700887e-05
-1.57831607339e-06
2.4374030545e-05
1.90763603314e-05
-1.96465298359e-05
-7.37650188967e-05
9.90022890619e-05
1.55192701641e-05
-5.6684599258e-05
-1.58553848451e-05
5.68744435441e-05
-6.13044467173e-05
1.51281456056e-05
2.99969960906e-05
0.0
-5.50475378986e-05
1.29675809148e-05
3.82617654395e-05
0.0
0.0
-3.95494389522e-05
3.16482583003e-05
1.48702629303e-05
-1.99360674742e-05
0.0
0.0
0.0
0.0
0.0
2.99334369629e-05
-2.40108283833e-06
1.90802620637e-05
0.0
6.4507839852e-05
-9.89662512438e-05
0.0
3.01784639305e-05
2.96107973554e-05
-7.37696464057e-05
2.55435843428e-05
-5.80889281991e-05
6.04252672929e-05
0.0
-9.63770580711e-05
9.86363811535e-05
2.46818653977e-05
0.0
-0.000100079996628
6.14321324974e-05
2.94752244372e-05
-9.88405226963e-05
4.7708486818e-05
-5.34921600774e-05
4.90575148433e-05
0.0
0.0
0.0
0.0
1.55892557814e-05
-1.90685677808e-05
2.88580508823e-06
-7.08027437213e-05
4.50541774626e-05
0.0
3.07699556288e-05
-3.71837995772e-05
0.0
3.85386592825e-05
-8.14240047475e-05
6.17256227997e-05
-3.06713736791e-05
3.82073922083e-05
-3.59867481166e-05
0.0
-3.95368806494e-05
8.08162294561e-05
-2.99120838463e-05
0.0
0.0
-2.88818810077e-05
0.0
3.83127589885e-05
3.77210199076e-05
-2.9366256058e-06
0.0
-3.980216934e-05
-1.56730166054e-05
0.000137394847116
0.0
-7.53697677283e-05
5.45510147276e-06
-3.70994348486e-05
0.0
0.0
-4.0017432184e-05
7.5662144809e-05
0.0
-5.3162304539e-05
0.0
0.0
5.86605201534e-05
-6.08121445111e-05
0.0
0.0
0.0
-4.12966110162e-05
2.99552793877e-05
2.02163355425e-05
-1.0148209185e-05
0.0
6.06476096436e-05
-5.50962467969e-05
0.0
0.0
6.12307558185e-05
-5.40650107723e-05
-2.92787499347e-05
4.05873070122e-05
3.99895725423e-05
0.0
1.46929517086e-06
-5.44220602023e-05
1.57327372108e-06
3.0153656553e-05
-4.72260180686e-05
2.07640023291e-05
-1.53965029313e-05
5.71995478822e-05
-6.09311573498e-05
0.0
0.0
0.000118119176477
-0.000101266974525
3.79586781492e-05
0.0
-6.12910298514e-05
1.57491667778e-05
1.85475728358e-05
-3.89273518522e-05
8.01103451522e-05
-3.05987596221e-05
-1.96093787963e-05
1.83940555871e-05
0.0
2.00753511308e-05
0.0
-5.47249910596e-05
1.54333083628e-05
-1.98914494831e-05
2.36402024711e-06
-6.52796661598e-05
2.67369669018e-05
1.25525339172e-05
0.0
0.0
0.0
0.0
3.1238207157e-05
-0.000100829725852
0.0
4.59444017906e-05
-5.97360558459e-05
5.44590729987e-05
-4.5753098675e-05
0.000100884171843
-0.000101387893665
4.29445863119e-05
3.99938544433e-05
-6.09842172707e-05
2.05822780117e-05
3.03823326249e-05
-6.00046987529e-05
4.5978325943e-05
-9.08203001018e-05
3.25298169628e-05
9.1675989097e-05
-8.12397047412e-05
-3.06361325784e-05
6.07765432505e-05
4.25129110226e-06
-9.19340600376e-05
5.91059870203e-05
-4.08954474551e-05
0.0
0.0
4.01011493523e-05
0.0
0.0
0.0
0.0
0.0
0.0
0.0
2.48753676715e-05
-9.96996895992e-05
7.33199121896e-05
0.0
0.0
-4.02306613978e-05
4.10707471019e-05
0.0
0.0
0.0
0.0
0.0
0.0
0.0
0.0
0.0
0.0
0.0
3.76071948267e-05
-3.96417308366e-05
3.04095228785e-05
0.0
0.0
-7.47181184124e-05
3.00524843624e-05
4.02479890909e-05
-4.11975161114e-05
0.0
0.0
0.0
0.0
3.88181797462e-05
-5.88824186707e-05
4.02547229896e-05
1.52570846694e-05
1.53432465595e-05
-5.90997515246e-05
3.59191362804e-05
0.0
-3.92050642404e-05
0.0
0.0
0.0
0.0
0.0
3.7705845898e-05
1.38865675581e-06
0.0
-1.24537218653e-05
-3.94617345592e-05
3.99553719035e-05
3.0963889003e-05
-1.48584276758e-05
-5.97742910031e-05
6.07133151789e-05
0.0
3.97809853894e-05
-5.80167725275e-05
0.0
-3.97386829718e-05
7.71271224949e-05
-9.25112981349e-05
3.17477424687e-05
5.97169491812e-05
-6.06082467129e-05
1.5578845705e-05
2.97865990433e-05
0.0
-5.69495932723e-05
0.0
5.92184296693e-05
-6.09179223829e-05
1.4866708625e-05
0.0
-1.14262020361e-05
4.20266906076e-06
0.0
3.70330380974e-05
-5.66273192817e-05
-4.07260922657e-05
3.79701923521e-05
-3.09792449116e-05
4.01140569011e-05
0.0
-2.95814679703e-05
-1.95949669433e-05
6.13581578364e-05
-3.71436799469e-05
0.0
3.75693889509e-05
0.0
0.0
-3.94575799874e-05
9.73919668468e-05
-4.12228910136e-05
0.0
-4.05977880291e-05
0.0
9.66662992141e-05
-0.000118662559544
6.13245647401e-05
0.0
0.0
5.41276822332e-05
0.0
0.0
1.58621205628e-05
-9.81560006039e-05
-2.61678160314e-05
8.91048985068e-05
0.0
-4.45420846518e-05
0.0
6.10706119915e-05
-5.44537942915e-05
0.0
0.0
8.17357795313e-05
-6.19662678218e-05
0.0
5.93941658735e-05
-6.26547189313e-05
3.72372851416e-05
0.0
-6.11105715507e-05
5.38468229934e-05
0.0
0.0
0.0
0.0
0.0
0.0
0.0
0.0
0.0
-4.47841302957e-05
5.66739936403e-06
-1.57497070177e-05
0.0
0.0
0.0
-4.33130189776e-05
5.80047526455e-05
3.35818112944e-05
-3.99831405957e-05
0.0
2.54178376053e-05
-3.90505701944e-05
0.0
0.0
0.0
-6.23618834652e-05
3.6719997297e-05
3.90792010876e-05
-9.95146983769e-05
5.48589268874e-05
0.0
0.0
0.0
0.0
0.0
0.0
0.0
0.0
0.0
2.65221274276e-06
-1.96196833713e-05
-2.04604693863e-05
0.0
3.75691815862e-05
-2.45924547926e-05
0.0
3.68862456526e-05
-4.06182043662e-05
2.04739280889e-05
-1.5163781427e-05
0.0
-5.9331261582e-05
5.43270980415e-05
0.0
0.0
0.0
0.0
0.0
4.02547375415e-05
-3.16596706398e-05
3.1472871342e-05
0.0
0.0
0.0
-1.98787456611e-05
-1.99616442842e-05
0.0
3.91078465327e-05
-2.8645281418e-06
1.14647973533e-05
2.04671978281e-05
-4.07245352108e-05
3.07674163196e-05
0.0
0.0
0.0
0.0
0.0
0.0
0.0
0.0
0.0
0.0
0.0
0.0
0.0
0.0
-3.91981702705e-05
0.0
2.50713528658e-05
3.9582948375e-05
-8.07638061815e-05
3.2440641462e-06
0.0
0.0
-2.06186523428e-05
1.4491638467e-05
0.0
2.86033400698e-06
-4.01622564823e-05
2.00022805075e-05
0.0
0.0
0.0
0.0
-4.02027180826e-05
3.01975524053e-05
-1.95682750928e-05
1.83182510227e-05
0.0
3.3112057281e-05
0.0
-8.11674326542e-05
3.04189816234e-05
3.54254152626e-05
-4.05757455155e-05
0.0
0.0
0.0
0.0
0.0
4.02566693083e-05
-2.79759406112e-05
0.0
0.0
4.11295040976e-05
-2.9222914236e-05
1.57928320732e-06
5.86071328144e-05
-6.99564843671e-05
0.0
-4.0261005779e-05
2.92939221254e-05
0.0
0.0
-4.06375329476e-05
3.05412395392e-05
0.0
-3.13640484819e-05
0.0
3.14988683385e-05
-3.13298623951e-05
0.0
4.51740379503e-05
-1.76164285222e-05
6.06082467129e-05
-4.72339852422e-05
0.0
0.0
7.80795598985e-05
-5.67549432162e-05
0.0
6.04252672929e-05
-5.45492002857e-05
0.0
0.0
0.0
5.69097164771e-06
-5.86728092458e-05
3.94659036829e-05
2.62573284999e-05
-9.9646516901e-05
6.02498657827e-05
0.0
0.0
0.0
-5.19083660038e-05
0.0
7.83908908488e-05
0.0
0.0
-4.66636629426e-05
4.05581195082e-05
-3.00162755593e-05
5.82640968787e-05
-8.22849615361e-05
6.04862179898e-05
-1.45674030136e-05
1.97504577955e-05
0.0
0.0
-6.77302959957e-05
0.000115997492685
-2.87242582999e-05
-7.71363193053e-05
6.13303636783e-05
3.15201286867e-05
-2.78245079244e-06
0.0
0.0
0.0
0.0
0.0
3.23308540828e-06
-8.14941959106e-05
3.41406084772e-05
2.60438082478e-05
0.0
0.0
0.0
-3.1238199881e-05
3.02691278193e-05
0.0
0.0
-3.93578302464e-05
4.05713399232e-05
0.0
-3.074983033e-05
4.05933751608e-05
-3.62466125807e-05
3.09895185637e-05
0.0
-3.16965815728e-05
0.0
5.89877963648e-05
-6.05427667324e-05
0.0
0.0
0.0
2.88106311928e-05
0.0
-3.93619811803e-05
0.0
3.48538123944e-05
0.0
0.0
0.0
-3.79817647627e-05
0.0
4.04571364925e-05
3.86152132705e-05
-9.64268037933e-05
4.08373562095e-05
0.0
0.0
0.0
0.0
3.51830567524e-05
-6.57454147586e-05
3.69089066226e-05
0.0
2.94426845358e-05
-7.69694161136e-05
5.89133524045e-05
1.49023153426e-05
-3.17431258736e-05
0.0
1.38821269502e-06
-5.83794208069e-05
2.36820415012e-05
0.0
0.0
0.0
4.46592239314e-05
-5.81190724915e-05
0.0
4.93083243782e-05
-2.60546094069e-05
0.0
3.97871408495e-05
-2.95685895253e-05
-5.84585832257e-05
0.000100381272205
-7.85640149843e-05
2.51279325312e-05
-4.01442266593e-05
7.98061373644e-05
1.54422705236e-05
-3.89273518522e-05
0.0
-5.54725556867e-05
3.10668146994e-05
0.0
0.0
3.68576656911e-05
-5.92622564e-05
4.09317226513e-06
0.0
0.0
-7.41632902646e-05
0.000100170123915
-2.03085401154e-05
-3.21255029121e-05
3.36183293257e-05
0.0
0.0
-1.46983129525e-05
0.0
0.0
1.56581791089e-05
0.0
0.0
0.0
-1.93463729374e-05
1.98494290089e-05
-4.67492973257e-05
4.84384145238e-05
-1.94206950255e-05
0.0
0.0
1.48030167111e-05
3.95385613956e-05
-3.1204563129e-05
-1.93104115169e-05
1.97383997147e-05
0.0
0.0
5.35688632226e-05
-4.61639319838e-05
1.54973658937e-05
1.98999368877e-05
-4.00775679736e-05
2.46330127993e-05
0.0
-4.0021714085e-05
2.85358182737e-05
-3.88838379877e-05
7.74401560193e-05
-3.18750135193e-05
0.0
0.0
0.0
0.0
-3.30819275405e-05
3.86223800888e-05
0.0
0.0
0.0
-6.10639690422e-05
2.80318090518e-05
-4.00689605158e-05
4.12874724134e-05
0.0
-3.90057066397e-05
5.9589943703e-05
-1.46821594171e-05
1.53573128046e-05
-1.429018198e-06
-2.87600178126e-05
0.0
4.01854122174e-05
0.0
-2.39166365645e-05
3.8952795876e-05
0.0
0.0
0.0
0.0
0.0
0.0
0.0
0.0
4.65589764644e-05
-7.87573007983e-05
3.97532567149e-05
0.0
2.97865990433e-05
-7.82594870543e-05
7.98743931227e-05
-3.04442110064e-05
-3.29272916133e-05
4.02981713705e-05
2.90277057502e-05
-3.65729647456e-05
0.0
3.67167012882e-05
0.0
0.0
1.96279324882e-05
0.0
0.0
-1.99275491468e-05
1.97170738829e-05
-1.56388814503e-05
0.0
1.54858007591e-05
3.71436799469e-05
-3.06590081891e-05
0.0
0.0
0.0
0.0
4.00624594477e-05
-2.93399280054e-05
0.0
-1.94865679077e-05
2.03845029318e-05
0.0
-5.03987648699e-05
9.15232740226e-05
-4.73177460663e-05
0.0
0.0
4.73925683764e-06
-6.15933022345e-05
1.89832499018e-05
0.0
1.48738199641e-05
0.0
-1.51600888785e-05
1.59148585226e-05
0.0
3.79933590011e-05
-3.05337562168e-05
3.95117967855e-05
-0.000102748505014
3.78778277081e-05
-3.08259186568e-05
0.0
0.000101102566987
-6.92428875482e-05
1.08552449092e-05
1.68287460838e-05
-2.02650098799e-05
4.28821476817e-05
0.0
-3.96922623622e-05
3.978946188e-05
-3.09382085106e-06
3.19131177093e-05
0.0
-6.09974813415e-05
1.74143006006e-05
3.35339791491e-05
0.0
0.0
0.0
0.0
-2.87574148388e-05
3.93951850128e-05
0.0
0.0
0.0
3.09561510221e-05
-3.96333161916e-05
0.0
0.0
-8.04940573289e-05
0.000110978093289
-2.56030853052e-05
0.0
-3.97937001253e-05
2.47206862696e-05
0.0
-2.35225415963e-05
3.08937069349e-06
-5.79088446102e-05
6.06935973337e-05
-3.65336345567e-05
3.15573925036e-05
0.0
3.18559868902e-05
-3.22713895002e-05
-1.79951093742e-05
6.22579536866e-05
-9.98571522359e-06
3.76754251192e-05
0.000120603450341
-7.43995551602e-05
3.91516732634e-05
0.0
0.0
-3.89679407817e-05
8.00905763754e-05
-3.9541064325e-05
0.0
0.0
0.0
0.0
0.0
0.0
3.78101321985e-05
-5.80408050155e-05
0.0
2.93768334814e-05
-8.053163765e-05
9.84803918982e-05
-3.22936944031e-06
2.97652404697e-05
-3.80746496376e-05
3.94076305383e-05
0.0
0.0
-3.91475550714e-05
0.0
2.70728378382e-06
0.0
1.45617250382e-05
0.0
-4.76152526971e-05
0.0
3.01835589198e-05
0.0
2.0021594537e-05
0.0
0.0
-5.96216414124e-05
3.97007024731e-05
1.06711613626e-05
-1.97129138542e-05
0.0
5.1449129387e-05
0.0
-2.09415884456e-05
2.8937793104e-05
0.0
-4.03392295993e-05
-4.76922468806e-05
9.44571438595e-05
-3.09920906147e-05
0.0
-1.52181719386e-05
-3.59294899681e-05
6.05558598181e-05
-1.61965363077e-05
1.39755570672e-06
1.97233275685e-05
-1.75617424247e-05
-1.55814432219e-05
0.0
-1.76224948518e-05
5.59656400583e-05
-2.00797367143e-05
-3.14853377859e-06
0.000116274728498
-9.97379320324e-05
4.0779428673e-05
-2.99081730191e-05
-1.93853902601e-05
2.02562150662e-05
2.96448233712e-05
-4.59971961391e-05
6.10440038145e-05
0.0
-3.09818133246e-05
8.00541383796e-05
-8.00674388302e-05
5.60664229852e-05
-3.42302810168e-05
5.0407837989e-05
-5.63030225749e-05
0.0
6.02433865424e-05
0.0
-2.81960979009e-06
2.91886772175e-05
-3.58158577001e-05
-4.59707916889e-05
0.0
9.50627581915e-05
0.0
-5.96470454184e-05
5.92936085013e-05
0.0
3.7520105252e-05
0.0
-3.05384055537e-05
0.0
0.0
0.0
0.0
-3.05113208015e-05
4.01011493523e-05
-4.42222226411e-05
1.52156890181e-05
9.6023795777e-05
-6.55406620353e-06
0.0
3.14723401971e-05
3.58279030479e-05
-8.05895833764e-05
1.250209516e-05
0.0
6.08517730143e-05
-2.66124902737e-06
0.0
4.56359121017e-05
-5.95728015469e-05
0.0
-3.97725125367e-05
2.45340506808e-05
0.0
3.928066144e-05
-3.08640665025e-05
0.0
-3.88545013266e-05
9.48254819377e-05
-4.56061752629e-05
0.0
0.0
0.0
0.0
0.0
0.0
0.0
0.0
0.0
-5.2342977142e-05
4.68509242637e-05
0.0
-5.71004566154e-05
4.71663952339e-05
0.0
0.0
3.72265662918e-06
-9.19438534766e-05
4.84132906422e-05
0.0
-4.89716476295e-05
6.25709726592e-05
-1.97588124138e-05
-4.06182189181e-05
0.0
3.84632403438e-05
-4.0013128455e-05
2.97903607134e-05
-3.05609100906e-05
3.85665298381e-05
-3.23033891618e-05
0.0
0.0
0.0
5.32664889761e-05
-4.87545767101e-05
0.0
2.95210502372e-05
-4.53293359897e-05
3.97067487938e-05
-3.07054233417e-06
3.83723054256e-05
-5.92827345827e-05
0.0
2.81719312625e-05
0.0
-2.96061061817e-05
3.22448031511e-05
0.0
1.42027784023e-05
0.0
-3.31641967932e-05
0.0
1.02061840153e-05
0.0
-3.74486153305e-05
2.49740860454e-05
0.0
0.0
0.0
-1.96114397113e-05
2.01186867343e-05
0.0
-3.01951167785e-05
0.0
3.92270012526e-05
0.0
-3.91119465348e-05
5.56371742277e-05
-1.56179467012e-05
0.0
1.97400167963e-05
0.0
-1.34090878419e-05
7.3019350566e-06
-4.71894099974e-06
3.94633316319e-05
2.01035236387e-05
-5.61109955015e-05
3.16650439345e-05
1.56861860887e-05
0.0
-1.4235269191e-05
1.56114128913e-05
-1.97045919776e-05
0.0
1.54180124809e-05
-1.79881753866e-05
8.99322185433e-06
-1.9859713575e-05
1.99915702979e-05
-4.19634270656e-05
5.84474946663e-05
0.0
0.0
0.0
0.0
1.55578836711e-05
-3.53316281689e-05
0.0
1.97818462766e-05
0.0
-4.68029284093e-05
5.50682307221e-05
0.0
0.0
-2.05913656828e-05
1.59270784934e-05
0.0
1.97259068955e-05
-1.62123956216e-06
6.29977585049e-05
-9.39441233641e-05
1.5620556951e-05
0.0
2.96025573334e-05
0.0
-4.05097707699e-05
0.0
3.01884301734e-05
0.0
0.0
0.0
-3.93081463699e-05
0.0
0.0
3.17828416883e-05
-2.02496266866e-05
1.48501521835e-05
0.0
-4.05405371566e-05
-1.72693125933e-05
0.0
1.90744103747e-05
2.85535111288e-06
-4.50071493105e-05
6.05166205787e-05
0.0
0.0
0.0
-4.08686246374e-05
1.75513141585e-05
0.0
4.07172119594e-05
-2.82979472104e-05
0.0
0.0
0.0
1.59325154527e-05
-5.91434218222e-05
3.10332725348e-05
0.0
0.0
0.0
0.0
0.0
-3.25576002069e-06
0.0
4.12111403421e-05
2.01153306989e-05
-3.55230731657e-05
-6.11305658822e-05
3.56501004717e-05
0.0
0.0
-3.77973738068e-05
8.08267941466e-05
-3.7565598177e-05
0.0
0.0
0.0
0.0
0.0
0.0
3.0411998523e-05
-3.03305387206e-05
0.0
0.0
0.0
0.0
0.0
3.14776480081e-05
-4.04659040214e-05
0.0
0.0
0.0
0.0
3.13246127916e-05
-3.65193554899e-05
3.16509394906e-05
-7.79602851253e-05
4.09851490986e-05
0.0
0.0
2.83914641841e-06
-3.22491032421e-05
-3.47954010067e-05
0.000143319382914
-7.459562039e-05
4.03261765314e-05
0.0
-3.83875303669e-05
0.0
4.8263293138e-05
0.0
-2.49517706834e-05
3.98956581193e-05
-6.11772702541e-05
5.59321197215e-05
0.0
0.0
-3.85141393053e-05
2.4516339181e-05
0.0
0.0
-2.99969960906e-05
0.0
3.98701158701e-05
0.0
0.0
0.0
-4.06950566685e-05
0.0
4.59218208562e-05
0.0
-1.55684501806e-05
0.0
0.0
0.0
-2.95393747365e-05
5.83125911362e-05
-4.88829118694e-06
3.04070454149e-05
1.50743917402e-05
0.0
0.0
-5.66387534491e-05
0.0
5.87959330005e-05
-9.60591114563e-06
0.0
1.98999296117e-05
-9.09175432753e-05
6.3189487264e-05
0.0
4.7016012104e-05
-5.28365053469e-05
1.67127400346e-05
-1.73737826117e-05
-3.21215993608e-05
3.7588270061e-05
4.74700427731e-05
-0.000101641628135
4.54709406768e-05
-4.28641078543e-06
4.35046931671e-05
-2.96577891277e-05
3.96880459448e-05
0.0
0.0
0.0
1.82216972462e-05
2.56434923358e-05
-5.74222685827e-05
0.0
0.0
0.0
0.0
0.0
1.96279397642e-05
-1.57245031005e-05
0.0
3.92590663978e-05
-1.9522063667e-05
1.97425633814e-05
-5.44643698959e-05
0.0
0.0
2.44187358476e-05
-1.53248583956e-06
1.67667749338e-05
0.0
3.76868338208e-05
-2.87733587356e-06
0.0
1.8207476387e-05
1.61993393704e-05
-5.97169491812e-05
0.0
0.0
5.60271946597e-05
-6.09112976235e-05
1.75576096808e-05
2.0060209863e-05
-6.00690400461e-05
4.4680578867e-05
0.0
0.0
-2.93860721285e-05
3.62712453352e-05
-1.58640541486e-05
-3.8117668737e-05
4.48845748906e-05
-3.25153905578e-06
7.92642167653e-05
-4.11464134231e-05
-2.95067220577e-05
0.0
0.0
0.0
0.0
0.0
7.53014028305e-05
-2.860029781e-06
-4.48666178272e-05
0.0
5.51993580302e-05
0.0
-5.61732049391e-05
4.69529913971e-05
-4.02393307013e-05
4.05053760915e-05
0.0
0.0
0.0
4.06979124818e-05
-2.52101654041e-05
2.46590443567e-05
0.0
-3.07092086587e-05
-3.70405978174e-05
3.21105617331e-05
0.0
0.0
0.0
0.0
0.0
0.0
0.0
3.28534110849e-06
-2.62211251538e-05
-5.44802496734e-05
0.000100989229395
0.0
1.58170987561e-05
-1.85114640772e-05
0.0
0.0
-4.04378442909e-05
7.48194288462e-05
-3.01414856949e-05
-2.01141465368e-05
-3.68753208022e-05
3.17647245538e-05
-3.96308860218e-05
0.0
2.81019583781e-05
1.67521811818e-05
-5.88824004808e-05
0.0
3.75653980882e-05
0.0
2.41535944951e-05
-4.60766350443e-05
3.82201542379e-05
-1.96698929358e-05
-3.61120582966e-05
3.102951041e-06
5.9780672018e-05
-9.97698880383e-05
5.36355291842e-05
-1.65388519235e-05
-2.71477188107e-06
3.01341897284e-05
0.0
0.0
0.0
-3.08283888444e-05
3.92270012526e-05
-3.05834400933e-05
3.75465097022e-05
-3.80865640182e-05
4.08850828535e-05
-2.45326627919e-05
3.97744297516e-05
0.0
0.0
-3.74335868401e-05
3.91488429159e-05
-2.53402067756e-05
3.75465242541e-05
1.61909229064e-05
0.0
-1.50835840032e-05
0.0
2.03195722861e-05
-1.92092556972e-05
0.0
0.0
-2.27396685659e-05
2.96178495773e-05
-3.39358775818e-05
0.0
7.1272374953e-06
-0.000102858175524
3.64505140169e-05
2.60656088358e-05
-6.65027437208e-06
3.73064176529e-05
5.99020640948e-05
-1.21064394989e-05
-2.0008716092e-05
-2.02491683012e-05
1.52870143211e-05
3.77362703148e-05
-5.87835675105e-05
4.51303894806e-05
-3.15633224091e-05
-1.96183100343e-05
1.87396126421e-05
-4.68313446618e-05
5.87959330005e-05
0.0
-1.99851801881e-05
0.0
1.58734801516e-05
-2.48302385444e-05
4.74338812637e-05
-1.90588343685e-05
-8.13088117866e-05
0.000140980060678
-5.71543932892e-05
3.38405334332e-05
0.0
-7.26820653654e-05
3.18411184708e-06
5.2109346143e-05
-2.02958544833e-05
-1.49166062329e-05
-1.60671224876e-05
6.04252672929e-05
-5.5406766478e-05
4.45314581157e-05
-6.04383094469e-05
2.62610192294e-05
-5.87959330005e-05
6.20855134912e-05
-3.8156624214e-05
-1.52371985678e-05
2.05970591196e-05
7.42314368836e-05
-3.01957534248e-05
-5.87774193264e-05
3.97429248551e-05
1.98407124117e-05
0.0
-3.12829906761e-05
-1.98431134777e-05
3.22471578329e-06
1.5163781427e-05
2.95487152471e-05
-7.99085610197e-05
1.34124582019e-06
1.96361961571e-05
-4.46272060799e-05
5.95582969254e-05
-4.5738164772e-05
3.67383618141e-05
0.0
0.0
6.03276894253e-05
0.0
-3.01908712572e-05
3.87618129025e-05
-3.73105722247e-05
0.0
-3.93054651795e-05
4.05344217143e-05
2.44681887125e-05
-2.67906398221e-05
0.0
0.0
8.00734051154e-05
-3.24778056893e-06
-4.0387189074e-05
0.0
3.95955248678e-05
-3.92421134165e-05
2.97984679491e-05
-3.74189148715e-05
0.0
-2.92564936899e-06
2.89226536552e-05
3.96333307435e-05
0.0
0.0
-3.34619071509e-05
-1.75057502929e-05
1.51207923409e-05
-5.00476780871e-05
0.000100818833744
-3.74714400095e-05
-4.60614755866e-05
5.53083227715e-05
4.0435246774e-05
-3.01203108393e-05
0.0
3.31091141561e-05
-2.89804302156e-05
0.0
0.0
-1.59556657309e-05
1.48904291564e-05
-3.93883965444e-05
3.17350240948e-05
0.0
2.06203494599e-05
-4.0226328565e-05
3.07852933474e-05
0.0
-3.99938544433e-05
3.73105722247e-05
0.0
0.0
-3.80630081054e-05
2.60528922809e-05
0.0
0.0
0.0
-3.06564907078e-05
3.95619972551e-05
-2.98627637676e-05
0.0
0.0
0.0
0.0
0.0
0.0
0.0
0.0
4.86718636239e-05
-2.64138107013e-05
7.53295680624e-05
-2.41439902311e-05
-6.09678827459e-05
3.09023926093e-05
-4.07883235312e-05
0.0
0.0
3.98573647544e-05
0.0
0.0
0.0
0.0
-3.05188004859e-05
0.0
3.49810616171e-05
0.0
-3.98361189582e-05
0.0
2.98746999761e-05
0.0
0.0
3.05113208015e-05
-3.0828461604e-05
0.0
0.0
0.0
0.0
-3.14432181767e-05
6.3272400439e-06
-3.94367452827e-05
0.0
0.0
0.0
0.0
-4.00624594477e-05
3.02985736198e-05
0.0
0.0
0.0
0.0
0.0
4.55559566035e-05
-5.86175774515e-05
-1.97860408662e-05
-2.00065605895e-05
2.47928492172e-05
5.75638332521e-05
-5.95076853642e-05
-3.1087485695e-05
0.0
3.81329300581e-05
0.0
0.0
0.0
0.0
0.0
0.0
0.0
0.0
-3.03897413687e-05
4.00452881877e-05
-4.00367025577e-05
0.0
3.94575654354e-05
0.0
0.0
5.98700644332e-05
0.0
-1.19011401694e-05
-7.14723591955e-06
9.91494016489e-05
0.0
1.9399489247e-05
-2.00194463105e-05
-6.12627263763e-05
3.95703646063e-05
0.0
4.97831388202e-06
-5.66502130823e-05
4.6312725317e-05
-1.93291853066e-05
-3.18532802339e-05
0.0
5.79028564971e-05
-9.98596078716e-05
9.41239777603e-05
-1.5691462977e-05
-3.13561504299e-05
7.24103811081e-05
-3.97661024181e-05
0.0
4.02827063226e-05
1.83614920388e-05
0.0
-1.98028301384e-05
-4.01485413022e-05
4.54746441392e-05
0.0
-5.03767978444e-06
-3.70479465346e-05
5.59432955924e-05
0.0
0.0
0.0
-1.65112624018e-06
1.30245789478e-05
7.98402543296e-05
-7.05977363396e-05
0.0
0.0
-5.94950433879e-05
0.000120292788779
-3.77948308596e-05
0.0
-2.0420187866e-05
-1.72866402863e-05
5.88885923207e-05
0.0
0.0
0.0
0.0
0.0
0.0
0.0
6.06935973337e-05
-4.49421713711e-05
5.86727910559e-05
-0.00012294514454
5.65701520827e-05
0.0
0.0
-1.50525147546e-05
1.18875004773e-05
5.13407176186e-05
-5.12468177476e-05
0.0
0.0
-1.56284040713e-05
-3.79470548069e-05
0.000117449650133
-7.89292389527e-05
-4.24083409598e-05
0.000115388451377
-5.9818947193e-05
0.0
0.0
0.0
6.04708984611e-05
0.0
-4.64278382424e-05
0.0
0.0
0.0
0.0
7.98231776571e-05
-5.94418524997e-05
-5.86850874242e-05
6.05035638728e-05
0.0
0.0
5.40129149158e-05
-9.29480738705e-05
6.15738899796e-05
0.0
4.39654795628e-05
-7.79573383625e-05
-3.08845119434e-05
5.71878663322e-05
0.0
0.0
-3.70110246877e-05
6.00239727646e-05
0.0
0.0
0.0
0.0
-6.02498475928e-05
3.58657161996e-05
-5.75047633902e-05
0.0
0.0
0.0
0.0
0.0
6.08055415796e-05
-4.74178305012e-05
0.0
0.0
0.0
-4.24887257395e-05
0.000138942530612
-6.5572312451e-05
3.05802932417e-05
-5.2342977142e-05
4.6576396926e-06
0.0
0.0
-6.05885979894e-05
4.7027853725e-05
0.0
0.0
-5.99084742134e-05
4.58992508356e-05
0.0
0.0
0.0
-3.83745718864e-05
7.90210760897e-05
0.0
0.0
-6.76750787534e-05
3.45382977684e-05
0.0
0.0
-4.7720670409e-05
4.37731578131e-05
0.0
-6.06279136264e-05
0.0
7.48974416638e-05
-3.67482898582e-05
0.0
0.0
1.81050636456e-05
-1.95949669433e-05
0.0
6.0282254708e-05
-6.00497151027e-05
8.73281169333e-06
-1.83506599569e-05
0.0
1.42559201777e-05
-1.93532341655e-05
1.62898159033e-05
-1.80962888408e-05
0.0
0.0
0.0
0.0
-5.91371936025e-05
8.00369743956e-05
3.03823253489e-05
-4.56636225863e-05
-6.06476096436e-05
0.0
4.39551295131e-05
0.0
3.24979623656e-06
1.40160182127e-06
-1.92507814063e-05
-4.01033867092e-05
0.0
0.0
0.0
0.0
-4.42012824351e-05
6.00239909545e-05
-6.06804460404e-05
9.53520357143e-05
3.0327555578e-05
-0.000155735950102
8.00970592536e-05
-1.52492457346e-05
0.0
1.94977565116e-05
-1.52954762598e-05
-1.95949742192e-05
9.76415904006e-05
-7.73673455114e-05
0.0
4.86782482767e-05
-1.85795051948e-05
-2.08874189411e-05
0.0
5.58652027394e-05
0.0
-4.98371537105e-06
3.05834328174e-05
-6.98938220012e-06
5.75934136577e-05
6.09576673014e-05
-8.82772365003e-05
5.57873609068e-05
1.50198175106e-05
-2.05166797969e-05
3.05134490191e-05
1.94550430024e-05
-2.00172744371e-05
0.0
1.5348488887e-05
-5.83307919442e-05
6.08187510807e-05
0.0
-5.92309552303e-05
0.0
7.27613587514e-05
-3.91899484384e-05
0.0
0.0
0.0
-2.04127172765e-05
1.58211114467e-05
-1.46994661918e-05
-3.9026090235e-05
5.99341183261e-05
-1.44753321365e-05
1.6857884475e-05
-7.28433369659e-05
4.20087371822e-06
-1.87866735359e-05
6.11039067735e-05
-7.50660474296e-05
1.55438210641e-05
3.89801425627e-05
0.0
-5.65016998735e-05
3.65308987966e-05
-4.32061606261e-05
4.79657501273e-05
0.0
4.03984704462e-05
-2.92810418614e-05
0.0
0.0
-1.51116146299e-05
-1.51674757944e-05
3.92833644582e-05
0.0
-3.90647583117e-05
5.79447732889e-05
0.0
0.0
-1.69772483787e-05
-3.9825335989e-05
5.22405171068e-05
-1.55582733896e-06
1.96265427803e-05
0.0
2.76429727819e-06
-3.90383283957e-05
0.0
-2.44010880124e-05
3.99639102397e-05
0.0
0.0
0.0
3.8156635128e-05
-2.56571274804e-05
3.75352028641e-05
-3.939670205e-05
-6.01528554398e-05
7.73545179982e-05
0.0
0.0
-3.71209571313e-05
0.0
2.49207460001e-05
0.0
-5.03277624375e-05
3.9612310502e-05
0.0
0.0
0.0
3.79819466616e-05
0.0
-6.91305685905e-05
8.4770443209e-05
-2.88835030915e-06
2.39996534219e-05
0.0
-3.98210831918e-05
2.49991699093e-05
-3.93925547542e-05
4.01637953473e-05
0.0
-1.92554198293e-05
-1.99659098143e-05
0.0
3.09973074764e-05
0.0
0.0
0.0
1.92013685592e-05
-5.94761258981e-05
3.17134617944e-05
0.0
-3.86343781429e-05
4.13085508626e-05
-3.56790769729e-05
0.0
0.0
0.0
0.0
0.0
0.0
-2.84748766717e-05
-1.65946166817e-05
5.54940697839e-06
-1.58291459229e-05
-4.00990793423e-05
3.59244368155e-05
0.0
-3.96014584112e-05
3.83959886676e-05
0.0
0.0
2.03217823582e-05
-1.72338131961e-05
0.0
0.0
3.12355950882e-05
-3.68361434084e-05
-3.37579149345e-05
7.10155800334e-05
-4.58129361505e-05
3.10824689222e-05
2.00925369427e-05
-5.60383887205e-05
3.11837138725e-05
0.0
1.59141359291e-06
-1.8249545974e-05
0.0
6.0314694565e-05
-6.08121445111e-05
0.0
0.0
0.0
3.81343270419e-05
-5.55715851078e-05
0.0
2.68062158284e-05
-7.21029064152e-05
0.0
1.25164851852e-05
3.92393667425e-05
-4.06049584853e-05
2.42916466959e-05
0.0
-5.7416382333e-05
0.0
4.55374611192e-05
-4.50868101325e-05
0.0
4.5360520744e-05
-3.05484063574e-05
-1.92507814063e-05
0.0
0.0
3.02823718812e-06
-9.6147385193e-05
7.68199533923e-05
0.0
-5.98444967181e-05
4.591429024e-05
-4.91823775519e-05
0.0
3.77591823053e-05
-2.00689428311e-05
-2.04171774385e-05
2.90231928375e-05
1.88681278814e-05
0.0
-5.16530417372e-05
0.0
3.9976745029e-05
-3.81212521461e-05
1.53547898663e-05
-1.83246447705e-05
4.10752472817e-05
-3.09715433104e-05
5.60496082471e-05
-4.02373734687e-05
1.96134951693e-05
1.24470798255e-05
0.0
3.62360733561e-05
-3.03157812596e-05
-3.9944643504e-05
0.0
0.0
3.94258277083e-05
0.0
0.0
-4.73269255963e-06
4.80027374579e-05
-1.92340467038e-05
4.81140123156e-05
0.0
-1.49608358697e-05
-3.04764780594e-05
5.85930465604e-05
-1.97619556275e-05
3.9910479245e-05
-6.05493332841e-05
3.73116672563e-05
-5.77655810048e-05
5.93249933445e-05
0.0
0.0
0.0
0.0
0.0
0.0
0.0
-6.12106814515e-05
4.50324623671e-05
0.0
0.0
3.7808840716e-05
-3.87460386264e-05
-3.98658594349e-05
0.0
0.0
4.15684298787e-05
-5.88947841607e-05
6.16959077888e-05
0.0
0.0
-4.74780936202e-05
0.0
5.74811710976e-05
-2.02254923352e-05
1.24837033582e-05
0.0
0.0
-3.62031023542e-05
3.2602398278e-05
0.0
0.0
0.0
0.0
-4.01983852498e-05
0.0
2.37100794038e-05
0.0
0.0
0.0
-5.58373685635e-05
4.52287313237e-05
0.0
-5.86359492445e-05
0.0
1.51876984091e-05
3.90057066397e-05
-3.93468872062e-05
2.99697076116e-05
0.0
0.0
0.0
0.0
0.0
4.00839453505e-05
-4.97645414725e-05
3.939670205e-05
0.0
0.0
0.0
0.0
0.0
0.0
0.0
-2.01992279472e-05
1.49956867972e-05
0.0
4.08641499234e-05
0.0
-3.00042247545e-05
0.0
0.0
0.0
0.0
0.0
0.0
0.0
0.0
-1.44094246934e-06
1.4041464965e-05
4.01830875489e-05
2.97794740618e-05
-4.01097604481e-05
-2.34266917687e-05
-4.40345647803e-05
4.85349046357e-05
0.0
3.74039227609e-05
0.0
0.0
-4.01571778639e-05
2.9497407013e-05
-3.10487339448e-05
6.01270403422e-05
-1.49285315274e-05
3.59294899681e-05
-6.581589696e-05
0.0
3.11626572511e-05
0.0
3.11392941512e-05
-1.49389989019e-05
-1.60134243288e-06
1.99744608835e-05
4.02870537073e-05
-4.60993687739e-05
-3.98531119572e-05
5.75224621571e-05
-4.11804785472e-06
3.69599983969e-05
6.05951536272e-05
-1.53432465595e-05
-7.96807435108e-05
0.000100775330793
-2.94300407404e-05
0.0
3.89070846722e-05
-3.22546729876e-05
0.0
3.75203453586e-05
-4.10391658079e-05
2.91159067274e-05
0.0
-6.08914488112e-05
3.12277588819e-05
-1.92448405869e-05
0.0
4.09044041589e-05
-6.99952506693e-05
3.27565089719e-06
1.85181343113e-05
-1.98787456611e-05
0.0
5.02766706632e-05
-5.8758938394e-05
0.0
0.0
1.18928019219e-05
0.0
3.78816694138e-05
-0.000100363882666
3.04665409203e-05
1.92316201719e-05
0.0
3.05762223434e-05
-3.67528227798e-05
-1.6981834051e-05
6.03666849202e-05
0.0
-1.62812903e-05
0.0
-4.13662419305e-05
0.0
2.02189221454e-05
-2.06300464924e-05
0.0
4.65783377877e-05
0.0
-4.01097604481e-05
-1.86793367902e-05
1.52367992996e-05
0.0
2.05112210097e-05
-1.42742583193e-05
-1.94865624508e-05
5.16245054314e-05
-5.41800145584e-05
1.52567245095e-05
2.91172659672e-06
-4.70792256237e-05
3.03872693621e-05
-3.9776761696e-05
2.03711533686e-05
-1.45856147356e-05
5.91996686126e-05
0.0
-2.92366330541e-05
0.0
4.03087651648e-05
0.0
0.0
-4.68979778816e-05
1.92892457562e-05
-1.5569748939e-05
4.53458414995e-05
-3.75052841264e-05
0.0
2.85356327367e-05
-3.94450762542e-05
2.01596740226e-05
-1.61114203365e-05
3.66410968127e-05
0.0
-3.13159489451e-06
-3.77820870199e-05
3.90330824303e-05
6.14793025306e-05
-1.7409429347e-05
1.43278066389e-06
0.0
0.0
0.0
-4.14258611272e-05
2.91658961942e-05
-4.93686711707e-05
5.97106009081e-05
0.0
0.0
-6.01593164902e-05
1.54922217916e-05
4.06286817451e-05
-3.86695646739e-05
-2.01469101739e-05
1.54422432388e-05
0.0
0.0
0.0
-1.29146519612e-05
5.73811194045e-05
-4.03522935812e-05
0.0
0.0
3.87216496165e-05
-0.000101245044789
0.0
5.95899618929e-05
-4.04308702855e-05
2.9137470392e-06
2.90909738396e-05
-4.04002821597e-05
0.0
0.0
0.0
0.0
-1.879026604e-05
4.84886950289e-05
-1.48678927872e-05
0.0
-3.96459399781e-05
0.0
0.0
0.0
3.99724813178e-05
-3.60160593118e-05
0.0
-1.8761938918e-05
2.02760147658e-05
-1.2508798136e-05
1.98175475816e-05
0.0
2.98556024063e-05
-3.92833644582e-05
3.8403308281e-05
-3.16742784889e-06
0.0
0.0
4.86465251015e-05
0.0
0.0
0.0
0.0
0.0
-4.07838670071e-05
2.83817644231e-05
0.0
0.0
3.78203585569e-05
-3.68389373762e-05
0.0
1.528170651e-05
-4.59406328446e-05
-3.0510367651e-05
0.000100245393696
0.0
0.0
-4.09178355767e-05
5.62239401916e-05
-1.57928786848e-06
-3.86096253351e-05
5.09764358867e-05
0.0
-4.46307603852e-05
6.1976534198e-05
-4.02157020289e-05
0.0
0.0
0.0
0.0
-3.95285242121e-05
3.60681915481e-05
2.62064022536e-05
-7.7584911196e-05
4.03523044952e-05
4.16327566199e-05
-5.97507751081e-05
1.59775136126e-05
3.00082501781e-05
-9.73565111053e-05
2.99009952869e-05
3.6464753066e-05
-6.21053477516e-05
6.23541563982e-05
-7.77383247623e-05
3.01470336126e-05
3.93842383346e-05
-3.85386701964e-05
1.5908349269e-06
-4.48092105216e-05
3.88868429582e-05
0.0
0.0
0.0
0.0
0.0
0.0
1.45719536704e-06
-1.4160761566e-05
0.0
0.0
2.08326400752e-05
-1.22454111988e-05
1.94378662854e-05
-6.02304280619e-05
2.44026832661e-05
0.0
0.0
0.0
0.0
5.29442258994e-05
0.0
0.0
-5.72583376197e-05
0.0
0.0
1.52367992996e-05
-1.99190453714e-05
5.60885382583e-05
-2.55850463873e-05
0.0
2.03024792427e-05
-1.47016316987e-05
-1.90199971257e-05
2.00484646484e-05
-3.16798264066e-06
0.0
2.92900017484e-06
1.53685105033e-05
0.0
-6.06042449363e-05
2.57835235971e-05
-1.90296905203e-05
-4.04597558372e-05
4.60070514237e-05
0.0
-3.92930451198e-05
-1.46750480781e-05
-3.11341027555e-05
3.970913167e-05
6.00004314038e-05
0.0
-5.73462857574e-05
4.76146851724e-05
-3.60945996363e-05
1.30811631607e-05
0.0
-4.04685197282e-05
0.0
1.95539178094e-05
0.0
1.59474875545e-05
0.0
1.9677587261e-05
-4.12127292293e-06
1.85993139894e-05
-1.4592228581e-06
2.49057811743e-05
-1.97108311113e-05
-1.90296977962e-05
0.0
5.60043845326e-05
0.0
-5.4900876421e-05
4.6135908633e-05
-6.08502159594e-05
4.32561901107e-05
-1.56690712174e-05
4.76025379612e-05
0.0
0.0
0.0
4.04659040214e-05
0.0
-3.06665533572e-05
-5.900166434e-05
5.52911405975e-05
-4.68655962322e-05
5.77364844503e-05
0.0
0.0
-1.94845342776e-05
2.04470161407e-05
0.0
-7.77733148425e-05
8.00970592536e-05
1.43669512909e-06
-1.42996032082e-05
6.09775779594e-05
-3.67998545698e-05
0.0
0.0
0.0
-1.24503994812e-05
-1.93211908481e-05
7.88792240201e-05
-4.61639210698e-05
1.88433768926e-05
3.85578423447e-05
-3.27407287841e-05
-5.24238312209e-05
3.12978590955e-05
3.92132824345e-05
-5.73210490984e-05
1.57883350766e-05
2.01013590413e-05
0.0
3.29282411258e-05
-4.02827063226e-05
3.5331617255e-05
-4.76071691082e-05
1.95334632735e-05
0.0
0.0
0.0
0.0
2.88175124297e-06
-2.3208460334e-05
0.0
7.47629455873e-05
-5.23576454725e-05
-3.94133348891e-05
4.04159582104e-05
-1.74975448317e-05
1.66783938766e-05
0.0
0.0
3.57473254553e-05
-3.34709038725e-05
0.0
2.98032300634e-05
-3.15360812237e-05
0.0
3.6662666389e-05
-4.30303261965e-05
1.69156683114e-05
1.951449849e-05
0.0
-0.000101153331343
6.03429325565e-05
0.0
-3.94117887481e-05
0.0
3.09997994918e-05
-3.80552519346e-05
8.09756529634e-05
-5.54775942874e-06
3.98573647544e-05
0.0
0.0
0.0
-3.6615983845e-05
0.0
3.99468408432e-05
0.0
0.0
-2.99225430354e-05
0.0
4.39275572717e-05
-1.92157785932e-05
0.0
-3.71732458007e-05
0.0
0.0
0.0
0.0
0.0
6.18116027908e-05
-1.42526560012e-05
4.91823775519e-05
-3.37723067787e-05
0.0
-3.79894918296e-05
3.3852942579e-05
-3.77210672013e-05
2.86898603008e-06
0.0
0.0
1.61606442362e-06
0.0
-2.01621442102e-05
-2.91545184155e-05
0.0
3.77401156584e-05
-1.51073318193e-05
-1.48748376887e-05
4.00409953727e-05
-4.03915582865e-05
0.0
0.0
3.97556032112e-05
0.0
1.42820981637e-05
-2.00689428311e-05
-4.01226752729e-05
3.04789646179e-05
0.0
0.0
0.0
0.0
1.96610089915e-05
-1.57416070579e-06
-3.76602401957e-05
2.56857983914e-05
0.0
0.0
0.0
0.0
-2.80347030639e-05
3.83206206607e-05
-3.3797834476e-05
3.44553336618e-05
0.0
0.0
0.0
0.0
0.0
0.0
-2.00398226298e-05
0.0
4.02653495257e-05
4.51667510788e-05
-1.56480546138e-05
-4.0183072997e-05
0.0
0.0
2.02254923352e-05
0.0
-1.25213837237e-05
5.99918421358e-05
-5.97742910031e-05
0.0
0.0
-3.21807897308e-06
2.79686128124e-06
0.0
-3.86775755032e-05
0.000142352131661
-7.51114930608e-05
0.0
2.03113140742e-05
-1.40562660818e-05
0.0
-1.94987751456e-05
6.07666479482e-05
-4.71029597975e-05
5.93752920395e-05
-5.95456294832e-05
0.0
4.88156319989e-06
0.0
-1.57284757734e-05
-3.72882313968e-05
1.90199971257e-05
-4.70041850349e-05
9.6756441053e-05
-3.99511009164e-05
-1.97358403966e-05
0.0
5.48374555365e-05
0.0
-5.47303388885e-05
0.0
0.0
3.54068324668e-05
0.0
-3.95745737478e-05
2.00666636374e-05
-3.00331648759e-05
1.56769638124e-05
-2.39826949837e-05
4.70041850349e-05
0.0
-1.63483018696e-05
-2.2155843908e-05
3.24085231114e-05
1.94257299881e-05
-1.47434311657e-05
1.91526887647e-05
-5.96280115133e-05
4.91607897857e-05
-7.41397452657e-05
9.68065505731e-05
0.0
-3.1750434573e-05
-1.61979423865e-05
5.48911702936e-05
-6.14793170826e-05
1.45571802932e-05
3.11367002723e-05
0.0
-2.05324795388e-05
1.00631377791e-05
0.0
-4.68274301966e-05
5.76942256885e-05
0.0
0.0
-1.93552423298e-05
1.99254209292e-05
0.0
-3.9549999201e-05
5.94824232394e-05
0.0
0.0
-5.88267721469e-05
4.98074841744e-05
2.92457771138e-05
-3.07827540382e-05
0.0
0.0
0.0
-4.71663952339e-05
3.76033967768e-05
1.52629654622e-05
-4.64355252916e-05
4.12475237681e-05
-1.76701978489e-05
-1.64563898579e-05
6.09311573498e-05
-4.81761890114e-05
3.08625794787e-06
-1.4373367776e-06
1.33201056087e-05
-1.56101104949e-05
2.00883787329e-05
-2.02036026167e-05
1.53080200107e-05
0.0
3.20005710819e-05
-5.40024957445e-05
1.57630074682e-05
0.0
0.0
-2.88061874016e-05
3.92874972022e-05
0.0
4.01355973736e-05
0.0
-3.85419371014e-05
-3.18153142871e-05
3.02789358102e-05
-1.92375628103e-05
0.0
0.0
9.91298293229e-06
0.0
-4.84049342049e-05
2.7778389267e-05
5.93626864429e-05
-4.17358351115e-05
0.0
-2.80667109109e-06
2.80810509139e-05
0.0
3.9671194827e-05
-3.83914775739e-05
0.0
0.0
0.0
2.7573425541e-05
-3.98828778998e-05
1.99980022444e-05
0.0
-3.56995296897e-05
0.0
0.0
0.0
3.19082141687e-06
-1.79156377271e-05
-1.51085550897e-05
0.0
3.89882698073e-05
-3.16804580507e-05
0.0
0.0
4.10031498177e-05
-3.08182934532e-05
0.0
-2.0417945052e-05
5.53520367248e-05
0.0
-7.66972277688e-07
3.81679783459e-05
-3.98743723053e-05
0.0
3.96333307435e-05
-9.95933878585e-05
4.62935968244e-05
0.0
5.94004632148e-05
-6.08649788774e-05
-3.77795477107e-05
6.01627252763e-05
-1.87358618859e-05
1.53183136717e-05
0.0
0.0
0.0
1.61586849572e-05
-5.26676521986e-05
2.96095895465e-05
-3.03798606183e-05
-3.95494280383e-05
6.55796975479e-06
0.0
-3.69344452338e-05
0.0
4.01011493523e-05
0.0
0.0
0.0
-2.72745774055e-06
3.71436799469e-05
-4.05713399232e-05
7.37766822567e-05
-4.59368748125e-05
0.0
-3.10126633849e-05
3.74001901946e-05
0.0
8.09037519502e-05
-5.09212186444e-05
0.0
-6.06607463851e-05
4.45704208687e-05
1.85144581337e-05
-1.60655181389e-05
-3.69417393813e-05
1.96334258362e-05
1.60586077982e-05
-1.80770057341e-05
0.0
0.0
-3.96754076064e-05
2.46749841608e-05
0.0
-4.02740188292e-05
2.86889808194e-05
-3.89557608287e-05
4.00152675866e-05
0.0
0.0
2.00065715035e-05
-4.74792977911e-06
2.70328910119e-05
0.0
0.0
5.94276716583e-05
-6.52800663374e-05
0.0
0.0
1.51256926983e-05
-1.67277157743e-05
0.0
0.0
0.0
0.0
0.0
0.0
5.98572878516e-05
-0.00012439560669
3.12068987114e-05
6.10746646998e-05
-7.97890825197e-05
0.0
1.65872575053e-06
-1.52368029376e-05
0.0
0.0
0.0
0.0
3.9074493543e-05
-0.000121400313219
9.110452811e-05
-1.58769616974e-05
-7.28149534552e-05
2.01556104003e-05
-3.80747369491e-05
0.0
4.0452752728e-05
0.0
0.0
0.0
4.72339743283e-05
-4.54525106761e-05
0.0
1.81473042176e-05
4.83756812173e-05
-7.5514522905e-05
-4.0204704419e-05
0.000101763413113
-4.54193577752e-05
-2.9829392588e-05
6.18456906523e-05
-1.87544010259e-05
0.0
8.03814473329e-05
-9.74009526544e-05
-3.05712237605e-05
5.95329693169e-05
